t	H	V	T	P
2.000e-03	-6.765e+02	-6.764868e+02	2.551e-03	0.000e+00
6.000e-03	-6.765e+02	-6.765175e+02	2.221e-02	0.000e+00
1.000e-02	-6.765e+02	-6.765730e+02	5.771e-02	0.000e+00
1.400e-02	-6.765e+02	-6.766427e+02	1.023e-01	0.000e+00
1.800e-02	-6.765e+02	-6.767137e+02	1.478e-01	0.000e+00
2.200e-02	-6.765e+02	-6.767736e+02	1.861e-01	0.000e+00
2.600e-02	-6.765e+02	-6.768130e+02	2.114e-01	0.000e+00
3.000e-02	-6.765e+02	-6.768271e+02	2.204e-01	0.000e+00
3.400e-02	-6.765e+02	-6.768165e+02	2.137e-01	0.000e+00
3.800e-02	-6.765e+02	-6.767866e+02	1.946e-01	0.000e+00
4.200e-02	-6.765e+02	-6.767462e+02	1.688e-01	0.000e+00
4.600e-02	-6.765e+02	-6.767054e+02	1.426e-01	0.000e+00
5.000e-02	-6.765e+02	-6.766732e+02	1.221e-01	0.000e+00
5.400e-02	-6.765e+02	-6.766562e+02	1.111e-01	0.000e+00
5.800e-02	-6.765e+02	-6.766566e+02	1.114e-01	0.000e+00
6.200e-02	-6.765e+02	-6.766728e+02	1.217e-01	0.000e+00
6.600e-02	-6.765e+02	-6.766992e+02	1.386e-01	0.000e+00
7.000e-02	-6.765e+02	-6.767281e+02	1.571e-01	0.000e+00
7.400e-02	-6.765e+02	-6.767514e+02	1.720e-01	0.000e+00
7.800e-02	-6.765e+02	-6.767623e+02	1.789e-01	0.000e+00
8.200e-02	-6.765e+02	-6.767567e+02	1.753e-01	0.000e+00
8.600e-02	-6.765e+02	-6.767346e+02	1.612e-01	0.000e+00
9.000e-02	-6.765e+02	-6.766995e+02	1.387e-01	0.000e+00
9.400e-02	-6.765e+02	-6.766581e+02	1.122e-01	0.000e+00
9.800e-02	-6.765e+02	-6.766186e+02	8.694e-02	0.000e+00
1.020e-01	-6.765e+02	-6.765889e+02	6.797e-02	0.000e+00
1.060e-01	-6.765e+02	-6.765751e+02	5.915e-02	0.000e+00
1.100e-01	-6.765e+02	-6.765800e+02	6.224e-02	0.000e+00
1.140e-01	-6.765e+02	-6.766024e+02	7.657e-02	0.000e+00
1.180e-01	-6.765e+02	-6.766379e+02	9.929e-02	0.000e+00
1.220e-01	-6.765e+02	-6.766796e+02	1.260e-01	0.000e+00
1.260e-01	-6.765e+02	-6.767200e+02	1.518e-01	0.000e+00
1.300e-01	-6.765e+02	-6.767521e+02	1.724e-01	0.000e+00
1.340e-01	-6.765e+02	-6.767712e+02	1.846e-01	0.000e+00
1.380e-01	-6.765e+02	-6.767755e+02	1.874e-01	0.000e+00
1.420e-01	-6.765e+02	-6.767661e+02	1.814e-01	0.000e+00
1.460e-01	-6.765e+02	-6.767466e+02	1.690e-01	0.000e+00
1.500e-01	-6.765e+02	-6.767222e+02	1.533e-01	0.000e+00
1.540e-01	-6.765e+02	-6.766981e+02	1.380e-01	0.000e+00
1.580e-01	-6.765e+02	-6.766791e+02	1.258e-01	0.000e+00
1.620e-01	-6.765e+02	-6.766680e+02	1.187e-01	0.000e+00
1.660e-01	-6.765e+02	-6.766659e+02	1.173e-01	0.000e+00
1.700e-01	-6.765e+02	-6.766716e+02	1.209e-01	0.000e+00
1.740e-01	-6.765e+02	-6.766825e+02	1.279e-01	0.000e+00
1.780e-01	-6.765e+02	-6.766949e+02	1.358e-01	0.000e+00
1.820e-01	-6.765e+02	-6.767053e+02	1.424e-01	0.000e+00
1.860e-01	-6.765e+02	-6.767105e+02	1.458e-01	0.000e+00
1.900e-01	-6.765e+02	-6.767090e+02	1.448e-01	0.000e+00
1.940e-01	-6.765e+02	-6.767007e+02	1.395e-01	0.000e+00
1.980e-01	-6.765e+02	-6.766872e+02	1.309e-01	0.000e+00
2.020e-01	-6.765e+02	-6.766714e+02	1.208e-01	0.000e+00
2.060e-01	-6.765e+02	-6.766570e+02	1.115e-01	0.000e+00
2.100e-01	-6.765e+02	-6.766473e+02	1.053e-01	0.000e+00
2.140e-01	-6.765e+02	-6.766451e+02	1.040e-01	0.000e+00
2.180e-01	-6.765e+02	-6.766518e+02	1.082e-01	0.000e+00
2.220e-01	-6.765e+02	-6.766665e+02	1.177e-01	0.000e+00
2.260e-01	-6.765e+02	-6.766872e+02	1.309e-01	0.000e+00
2.300e-01	-6.765e+02	-6.767100e+02	1.455e-01	0.000e+00
2.340e-01	-6.765e+02	-6.767306e+02	1.587e-01	0.000e+00
2.380e-01	-6.765e+02	-6.767452e+02	1.680e-01	0.000e+00
2.420e-01	-6.765e+02	-6.767509e+02	1.717e-01	0.000e+00
2.460e-01	-6.765e+02	-6.767466e+02	1.689e-01	0.000e+00
2.500e-01	-6.765e+02	-6.767332e+02	1.603e-01	0.000e+00
2.540e-01	-6.765e+02	-6.767132e+02	1.475e-01	0.000e+00
2.580e-01	-6.765e+02	-6.766904e+02	1.329e-01	0.000e+00
2.620e-01	-6.765e+02	-6.766688e+02	1.191e-01	0.000e+00
2.660e-01	-6.765e+02	-6.766520e+02	1.084e-01	0.000e+00
2.700e-01	-6.765e+02	-6.766426e+02	1.023e-01	0.000e+00
2.740e-01	-6.765e+02	-6.766414e+02	1.016e-01	0.000e+00
2.780e-01	-6.765e+02	-6.766479e+02	1.057e-01	0.000e+00
2.820e-01	-6.765e+02	-6.766602e+02	1.136e-01	0.000e+00
2.860e-01	-6.765e+02	-6.766754e+02	1.233e-01	0.000e+00
2.900e-01	-6.765e+02	-6.766906e+02	1.330e-01	0.000e+00
2.940e-01	-6.765e+02	-6.767030e+02	1.410e-01	0.000e+00
2.980e-01	-6.765e+02	-6.767109e+02	1.460e-01	0.000e+00
3.020e-01	-6.765e+02	-6.767135e+02	1.477e-01	0.000e+00
3.060e-01	-6.765e+02	-6.767113e+02	1.463e-01	0.000e+00
3.100e-01	-6.765e+02	-6.767057e+02	1.428e-01	0.000e+00
3.140e-01	-6.765e+02	-6.766987e+02	1.383e-01	0.000e+00
3.180e-01	-6.765e+02	-6.766923e+02	1.342e-01	0.000e+00
3.220e-01	-6.765e+02	-6.766881e+02	1.315e-01	0.000e+00
3.260e-01	-6.765e+02	-6.766868e+02	1.307e-01	0.000e+00
3.300e-01	-6.765e+02	-6.766884e+02	1.317e-01	0.000e+00
3.340e-01	-6.765e+02	-6.766919e+02	1.339e-01	0.000e+00
3.380e-01	-6.765e+02	-6.766962e+02	1.367e-01	0.000e+00
3.420e-01	-6.765e+02	-6.766998e+02	1.390e-01	0.000e+00
3.460e-01	-6.765e+02	-6.767016e+02	1.401e-01	0.000e+00
3.500e-01	-6.765e+02	-6.767012e+02	1.398e-01	0.000e+00
3.540e-01	-6.765e+02	-6.766985e+02	1.381e-01	0.000e+00
3.580e-01	-6.765e+02	-6.766943e+02	1.354e-01	0.000e+00
3.620e-01	-6.765e+02	-6.766894e+02	1.323e-01	0.000e+00
3.660e-01	-6.765e+02	-6.766850e+02	1.295e-01	0.000e+00
3.700e-01	-6.765e+02	-6.766819e+02	1.275e-01	0.000e+00
3.740e-01	-6.765e+02	-6.766808e+02	1.268e-01	0.000e+00
3.780e-01	-6.765e+02	-6.766818e+02	1.274e-01	0.000e+00
3.820e-01	-6.765e+02	-6.766848e+02	1.294e-01	0.000e+00
3.860e-01	-6.765e+02	-6.766894e+02	1.323e-01	0.000e+00
3.900e-01	-6.765e+02	-6.766948e+02	1.358e-01	0.000e+00
3.940e-01	-6.765e+02	-6.767004e+02	1.394e-01	0.000e+00
3.980e-01	-6.765e+02	-6.767053e+02	1.425e-01	0.000e+00
4.020e-01	-6.765e+02	-6.767087e+02	1.447e-01	0.000e+00
4.060e-01	-6.765e+02	-6.767099e+02	1.454e-01	0.000e+00
4.100e-01	-6.765e+02	-6.767083e+02	1.444e-01	0.000e+00
4.140e-01	-6.765e+02	-6.767040e+02	1.417e-01	0.000e+00
4.180e-01	-6.765e+02	-6.766974e+02	1.374e-01	0.000e+00
4.220e-01	-6.765e+02	-6.766893e+02	1.322e-01	0.000e+00
4.260e-01	-6.765e+02	-6.766810e+02	1.269e-01	0.000e+00
4.300e-01	-6.765e+02	-6.766740e+02	1.224e-01	0.000e+00
4.340e-01	-6.765e+02	-6.766697e+02	1.197e-01	0.000e+00
4.380e-01	-6.765e+02	-6.766690e+02	1.193e-01	0.000e+00
4.420e-01	-6.765e+02	-6.766723e+02	1.214e-01	0.000e+00
4.460e-01	-6.765e+02	-6.766789e+02	1.256e-01	0.000e+00
4.500e-01	-6.765e+02	-6.766875e+02	1.311e-01	0.000e+00
4.540e-01	-6.765e+02	-6.766961e+02	1.366e-01	0.000e+00
4.580e-01	-6.765e+02	-6.767026e+02	1.408e-01	0.000e+00
4.620e-01	-6.765e+02	-6.767053e+02	1.425e-01	0.000e+00
4.660e-01	-6.765e+02	-6.767032e+02	1.411e-01	0.000e+00
4.700e-01	-6.765e+02	-6.766965e+02	1.368e-01	0.000e+00
4.740e-01	-6.765e+02	-6.766865e+02	1.304e-01	0.000e+00
4.780e-01	-6.765e+02	-6.766756e+02	1.234e-01	0.000e+00
4.820e-01	-6.765e+02	-6.766664e+02	1.176e-01	0.000e+00
4.860e-01	-6.765e+02	-6.766616e+02	1.146e-01	0.000e+00
4.900e-01	-6.765e+02	-6.766634e+02	1.157e-01	0.000e+00
4.940e-01	-6.765e+02	-6.766723e+02	1.214e-01	0.000e+00
4.980e-01	-6.765e+02	-6.766878e+02	1.313e-01	0.000e+00
5.020e-01	-6.765e+02	-6.767077e+02	1.441e-01	0.000e+00
5.060e-01	-6.765e+02	-6.767287e+02	1.575e-01	0.000e+00
5.100e-01	-6.765e+02	-6.767469e+02	1.691e-01	0.000e+00
5.140e-01	-6.765e+02	-6.767584e+02	1.765e-01	0.000e+00
5.180e-01	-6.765e+02	-6.767604e+02	1.777e-01	0.000e+00
5.220e-01	-6.765e+02	-6.767514e+02	1.720e-01	0.000e+00
5.260e-01	-6.765e+02	-6.767321e+02	1.596e-01	0.000e+00
5.300e-01	-6.765e+02	-6.767050e+02	1.423e-01	0.000e+00
5.340e-01	-6.765e+02	-6.766742e+02	1.226e-01	0.000e+00
5.380e-01	-6.765e+02	-6.766446e+02	1.036e-01	0.000e+00
5.420e-01	-6.765e+02	-6.766212e+02	8.860e-02	0.000e+00
5.460e-01	-6.765e+02	-6.766077e+02	8.001e-02	0.000e+00
5.500e-01	-6.765e+02	-6.766065e+02	7.923e-02	0.000e+00
5.540e-01	-6.765e+02	-6.766176e+02	8.630e-02	0.000e+00
5.580e-01	-6.765e+02	-6.766387e+02	9.985e-02	0.000e+00
5.620e-01	-6.765e+02	-6.766662e+02	1.174e-01	0.000e+00
5.660e-01	-6.765e+02	-6.766950e+02	1.358e-01	0.000e+00
5.700e-01	-6.765e+02	-6.767200e+02	1.519e-01	0.000e+00
5.740e-01	-6.765e+02	-6.767371e+02	1.628e-01	0.000e+00
5.780e-01	-6.765e+02	-6.767433e+02	1.668e-01	0.000e+00
5.820e-01	-6.765e+02	-6.767381e+02	1.635e-01	0.000e+00
5.860e-01	-6.765e+02	-6.767230e+02	1.538e-01	0.000e+00
5.900e-01	-6.765e+02	-6.767015e+02	1.400e-01	0.000e+00
5.940e-01	-6.765e+02	-6.766785e+02	1.254e-01	0.000e+00
5.980e-01	-6.765e+02	-6.766594e+02	1.131e-01	0.000e+00
6.020e-01	-6.765e+02	-6.766487e+02	1.063e-01	0.000e+00
6.060e-01	-6.765e+02	-6.766494e+02	1.068e-01	0.000e+00
6.100e-01	-6.765e+02	-6.766622e+02	1.149e-01	0.000e+00
6.140e-01	-6.765e+02	-6.766850e+02	1.295e-01	0.000e+00
6.180e-01	-6.765e+02	-6.767134e+02	1.477e-01	0.000e+00
6.220e-01	-6.765e+02	-6.767419e+02	1.659e-01	0.000e+00
6.260e-01	-6.765e+02	-6.767642e+02	1.802e-01	0.000e+00
6.300e-01	-6.765e+02	-6.767754e+02	1.873e-01	0.000e+00
6.340e-01	-6.765e+02	-6.767726e+02	1.855e-01	0.000e+00
6.380e-01	-6.765e+02	-6.767556e+02	1.747e-01	0.000e+00
6.420e-01	-6.765e+02	-6.767272e+02	1.565e-01	0.000e+00
6.460e-01	-6.765e+02	-6.766925e+02	1.343e-01	0.000e+00
6.500e-01	-6.765e+02	-6.766578e+02	1.121e-01	0.000e+00
6.540e-01	-6.765e+02	-6.766295e+02	9.400e-02	0.000e+00
6.580e-01	-6.765e+02	-6.766128e+02	8.326e-02	0.000e+00
6.620e-01	-6.765e+02	-6.766102e+02	8.163e-02	0.000e+00
6.660e-01	-6.765e+02	-6.766218e+02	8.905e-02	0.000e+00
6.700e-01	-6.765e+02	-6.766447e+02	1.036e-01	0.000e+00
6.740e-01	-6.765e+02	-6.766736e+02	1.222e-01	0.000e+00
6.780e-01	-6.765e+02	-6.767026e+02	1.407e-01	0.000e+00
6.820e-01	-6.765e+02	-6.767255e+02	1.553e-01	0.000e+00
6.860e-01	-6.765e+02	-6.767378e+02	1.632e-01	0.000e+00
6.900e-01	-6.765e+02	-6.767372e+02	1.628e-01	0.000e+00
6.940e-01	-6.765e+02	-6.767243e+02	1.546e-01	0.000e+00
6.980e-01	-6.765e+02	-6.767023e+02	1.405e-01	0.000e+00
7.020e-01	-6.765e+02	-6.766763e+02	1.239e-01	0.000e+00
7.060e-01	-6.765e+02	-6.766523e+02	1.086e-01	0.000e+00
7.100e-01	-6.765e+02	-6.766361e+02	9.824e-02	0.000e+00
7.140e-01	-6.765e+02	-6.766318e+02	9.549e-02	0.000e+00
7.180e-01	-6.765e+02	-6.766411e+02	1.014e-01	0.000e+00
7.220e-01	-6.765e+02	-6.766627e+02	1.152e-01	0.000e+00
7.260e-01	-6.765e+02	-6.766929e+02	1.346e-01	0.000e+00
7.300e-01	-6.765e+02	-6.767260e+02	1.558e-01	0.000e+00
7.340e-01	-6.765e+02	-6.767555e+02	1.746e-01	0.000e+00
7.380e-01	-6.765e+02	-6.767755e+02	1.874e-01	0.000e+00
7.420e-01	-6.765e+02	-6.767817e+02	1.914e-01	0.000e+00
7.460e-01	-6.765e+02	-6.767728e+02	1.857e-01	0.000e+00
7.500e-01	-6.765e+02	-6.767501e+02	1.711e-01	0.000e+00
7.540e-01	-6.765e+02	-6.767178e+02	1.505e-01	0.000e+00
7.580e-01	-6.765e+02	-6.766822e+02	1.277e-01	0.000e+00
7.620e-01	-6.765e+02	-6.766500e+02	1.071e-01	0.000e+00
7.660e-01	-6.765e+02	-6.766271e+02	9.247e-02	0.000e+00
7.700e-01	-6.765e+02	-6.766177e+02	8.640e-02	0.000e+00
7.740e-01	-6.765e+02	-6.766228e+02	8.967e-02	0.000e+00
7.780e-01	-6.765e+02	-6.766406e+02	1.011e-01	0.000e+00
7.820e-01	-6.765e+02	-6.766667e+02	1.178e-01	0.000e+00
7.860e-01	-6.765e+02	-6.766949e+02	1.358e-01	0.000e+00
7.900e-01	-6.765e+02	-6.767187e+02	1.510e-01	0.000e+00
7.940e-01	-6.765e+02	-6.767327e+02	1.600e-01	0.000e+00
7.980e-01	-6.765e+02	-6.767338e+02	1.606e-01	0.000e+00
8.020e-01	-6.765e+02	-6.767216e+02	1.528e-01	0.000e+00
8.060e-01	-6.765e+02	-6.766989e+02	1.384e-01	0.000e+00
8.100e-01	-6.765e+02	-6.766711e+02	1.206e-01	0.000e+00
8.140e-01	-6.765e+02	-6.766446e+02	1.036e-01	0.000e+00
8.180e-01	-6.765e+02	-6.766258e+02	9.162e-02	0.000e+00
8.220e-01	-6.765e+02	-6.766196e+02	8.766e-02	0.000e+00
8.260e-01	-6.765e+02	-6.766282e+02	9.319e-02	0.000e+00
8.300e-01	-6.765e+02	-6.766507e+02	1.076e-01	0.000e+00
8.340e-01	-6.765e+02	-6.766831e+02	1.283e-01	0.000e+00
8.380e-01	-6.765e+02	-6.767193e+02	1.514e-01	0.000e+00
8.420e-01	-6.765e+02	-6.767522e+02	1.725e-01	0.000e+00
8.460e-01	-6.765e+02	-6.767755e+02	1.874e-01	0.000e+00
8.500e-01	-6.765e+02	-6.767850e+02	1.935e-01	0.000e+00
8.540e-01	-6.765e+02	-6.767790e+02	1.897e-01	0.000e+00
8.580e-01	-6.765e+02	-6.767593e+02	1.771e-01	0.000e+00
8.620e-01	-6.765e+02	-6.767302e+02	1.585e-01	0.000e+00
8.660e-01	-6.765e+02	-6.766976e+02	1.376e-01	0.000e+00
8.700e-01	-6.765e+02	-6.766677e+02	1.185e-01	0.000e+00
8.740e-01	-6.765e+02	-6.766457e+02	1.043e-01	0.000e+00
8.780e-01	-6.765e+02	-6.766346e+02	9.727e-02	0.000e+00
8.820e-01	-6.765e+02	-6.766353e+02	9.765e-02	0.000e+00
8.860e-01	-6.765e+02	-6.766457e+02	1.043e-01	0.000e+00
8.900e-01	-6.765e+02	-6.766622e+02	1.149e-01	0.000e+00
8.940e-01	-6.765e+02	-6.766804e+02	1.265e-01	0.000e+00
8.980e-01	-6.765e+02	-6.766957e+02	1.363e-01	0.000e+00
9.020e-01	-6.765e+02	-6.767050e+02	1.423e-01	0.000e+00
9.060e-01	-6.765e+02	-6.767068e+02	1.434e-01	0.000e+00
9.100e-01	-6.765e+02	-6.767014e+02	1.400e-01	0.000e+00
9.140e-01	-6.765e+02	-6.766911e+02	1.334e-01	0.000e+00
9.180e-01	-6.765e+02	-6.766791e+02	1.257e-01	0.000e+00
9.220e-01	-6.765e+02	-6.766691e+02	1.193e-01	0.000e+00
9.260e-01	-6.765e+02	-6.766642e+02	1.162e-01	0.000e+00
9.300e-01	-6.765e+02	-6.766662e+02	1.175e-01	0.000e+00
9.340e-01	-6.765e+02	-6.766755e+02	1.234e-01	0.000e+00
9.380e-01	-6.765e+02	-6.766904e+02	1.330e-01	0.000e+00
9.420e-01	-6.765e+02	-6.767080e+02	1.443e-01	0.000e+00
9.460e-01	-6.765e+02	-6.767248e+02	1.550e-01	0.000e+00
9.500e-01	-6.765e+02	-6.767371e+02	1.628e-01	0.000e+00
9.540e-01	-6.765e+02	-6.767421e+02	1.660e-01	0.000e+00
9.580e-01	-6.765e+02	-6.767385e+02	1.637e-01	0.000e+00
9.620e-01	-6.765e+02	-6.767270e+02	1.564e-01	0.000e+00
9.660e-01	-6.765e+02	-6.767097e+02	1.453e-01	0.000e+00
9.700e-01	-6.765e+02	-6.766902e+02	1.328e-01	0.000e+00
9.740e-01	-6.765e+02	-6.766723e+02	1.214e-01	0.000e+00
9.780e-01	-6.765e+02	-6.766596e+02	1.133e-01	0.000e+00
9.820e-01	-6.765e+02	-6.766545e+02	1.100e-01	0.000e+00
9.860e-01	-6.765e+02	-6.766574e+02	1.118e-01	0.000e+00
9.900e-01	-6.765e+02	-6.766672e+02	1.181e-01	0.000e+00
9.940e-01	-6.765e+02	-6.766811e+02	1.270e-01	0.000e+00
9.980e-01	-6.765e+02	-6.766956e+02	1.362e-01	0.000e+00
1.002e+00	-6.765e+02	-6.767069e+02	1.435e-01	0.000e+00
1.006e+00	-6.765e+02	-6.767121e+02	1.468e-01	0.000e+00
1.010e+00	-6.765e+02	-6.767098e+02	1.453e-01	0.000e+00
1.014e+00	-6.765e+02	-6.767004e+02	1.393e-01	0.000e+00
1.018e+00	-6.765e+02	-6.766859e+02	1.301e-01	0.000e+00
1.022e+00	-6.765e+02	-6.766698e+02	1.198e-01	0.000e+00
1.026e+00	-6.765e+02	-6.766561e+02	1.110e-01	0.000e+00
1.030e+00	-6.765e+02	-6.766484e+02	1.061e-01	0.000e+00
1.034e+00	-6.765e+02	-6.766493e+02	1.066e-01	0.000e+00
1.038e+00	-6.765e+02	-6.766595e+02	1.132e-01	0.000e+00
1.042e+00	-6.765e+02	-6.766778e+02	1.249e-01	0.000e+00
1.046e+00	-6.765e+02	-6.767010e+02	1.397e-01	0.000e+00
1.050e+00	-6.765e+02	-6.767248e+02	1.550e-01	0.000e+00
1.054e+00	-6.765e+02	-6.767444e+02	1.675e-01	0.000e+00
1.058e+00	-6.765e+02	-6.767557e+02	1.747e-01	0.000e+00
1.062e+00	-6.765e+02	-6.767561e+02	1.750e-01	0.000e+00
1.066e+00	-6.765e+02	-6.767454e+02	1.681e-01	0.000e+00
1.070e+00	-6.765e+02	-6.767253e+02	1.553e-01	0.000e+00
1.074e+00	-6.765e+02	-6.766997e+02	1.389e-01	0.000e+00
1.078e+00	-6.765e+02	-6.766736e+02	1.222e-01	0.000e+00
1.082e+00	-6.765e+02	-6.766520e+02	1.084e-01	0.000e+00
1.086e+00	-6.765e+02	-6.766388e+02	9.996e-02	0.000e+00
1.090e+00	-6.765e+02	-6.766363e+02	9.830e-02	0.000e+00
1.094e+00	-6.765e+02	-6.766440e+02	1.032e-01	0.000e+00
1.098e+00	-6.765e+02	-6.766598e+02	1.133e-01	0.000e+00
1.102e+00	-6.765e+02	-6.766796e+02	1.260e-01	0.000e+00
1.106e+00	-6.765e+02	-6.766991e+02	1.385e-01	0.000e+00
1.110e+00	-6.765e+02	-6.767142e+02	1.481e-01	0.000e+00
1.114e+00	-6.765e+02	-6.767219e+02	1.531e-01	0.000e+00
1.118e+00	-6.765e+02	-6.767211e+02	1.526e-01	0.000e+00
1.122e+00	-6.765e+02	-6.767125e+02	1.471e-01	0.000e+00
1.126e+00	-6.765e+02	-6.766983e+02	1.380e-01	0.000e+00
1.130e+00	-6.765e+02	-6.766818e+02	1.275e-01	0.000e+00
1.134e+00	-6.765e+02	-6.766667e+02	1.178e-01	0.000e+00
1.138e+00	-6.765e+02	-6.766563e+02	1.111e-01	0.000e+00
1.142e+00	-6.765e+02	-6.766527e+02	1.088e-01	0.000e+00
1.146e+00	-6.765e+02	-6.766569e+02	1.115e-01	0.000e+00
1.150e+00	-6.765e+02	-6.766683e+02	1.188e-01	0.000e+00
1.154e+00	-6.765e+02	-6.766850e+02	1.295e-01	0.000e+00
1.158e+00	-6.765e+02	-6.767040e+02	1.416e-01	0.000e+00
1.162e+00	-6.765e+02	-6.767219e+02	1.531e-01	0.000e+00
1.166e+00	-6.765e+02	-6.767357e+02	1.620e-01	0.000e+00
1.170e+00	-6.765e+02	-6.767430e+02	1.666e-01	0.000e+00
1.174e+00	-6.765e+02	-6.767423e+02	1.662e-01	0.000e+00
1.178e+00	-6.765e+02	-6.767340e+02	1.609e-01	0.000e+00
1.182e+00	-6.765e+02	-6.767194e+02	1.515e-01	0.000e+00
1.186e+00	-6.765e+02	-6.767010e+02	1.398e-01	0.000e+00
1.190e+00	-6.765e+02	-6.766822e+02	1.277e-01	0.000e+00
1.194e+00	-6.765e+02	-6.766660e+02	1.173e-01	0.000e+00
1.198e+00	-6.765e+02	-6.766552e+02	1.104e-01	0.000e+00
1.202e+00	-6.765e+02	-6.766512e+02	1.079e-01	0.000e+00
1.206e+00	-6.765e+02	-6.766545e+02	1.099e-01	0.000e+00
1.210e+00	-6.765e+02	-6.766637e+02	1.158e-01	0.000e+00
1.214e+00	-6.765e+02	-6.766768e+02	1.242e-01	0.000e+00
1.218e+00	-6.765e+02	-6.766910e+02	1.333e-01	0.000e+00
1.222e+00	-6.765e+02	-6.767035e+02	1.413e-01	0.000e+00
1.226e+00	-6.765e+02	-6.767121e+02	1.468e-01	0.000e+00
1.230e+00	-6.765e+02	-6.767153e+02	1.489e-01	0.000e+00
1.234e+00	-6.765e+02	-6.767130e+02	1.474e-01	0.000e+00
1.238e+00	-6.765e+02	-6.767058e+02	1.428e-01	0.000e+00
1.242e+00	-6.765e+02	-6.766956e+02	1.363e-01	0.000e+00
1.246e+00	-6.765e+02	-6.766844e+02	1.291e-01	0.000e+00
1.250e+00	-6.765e+02	-6.766745e+02	1.228e-01	0.000e+00
1.254e+00	-6.765e+02	-6.766680e+02	1.186e-01	0.000e+00
1.258e+00	-6.765e+02	-6.766664e+02	1.176e-01	0.000e+00
1.262e+00	-6.765e+02	-6.766705e+02	1.202e-01	0.000e+00
1.266e+00	-6.765e+02	-6.766800e+02	1.263e-01	0.000e+00
1.270e+00	-6.765e+02	-6.766938e+02	1.351e-01	0.000e+00
1.274e+00	-6.765e+02	-6.767096e+02	1.453e-01	0.000e+00
1.278e+00	-6.765e+02	-6.767247e+02	1.549e-01	0.000e+00
1.282e+00	-6.765e+02	-6.767361e+02	1.622e-01	0.000e+00
1.286e+00	-6.765e+02	-6.767410e+02	1.653e-01	0.000e+00
1.290e+00	-6.765e+02	-6.767376e+02	1.631e-01	0.000e+00
1.294e+00	-6.765e+02	-6.767255e+02	1.554e-01	0.000e+00
1.298e+00	-6.765e+02	-6.767062e+02	1.431e-01	0.000e+00
1.302e+00	-6.765e+02	-6.766826e+02	1.279e-01	0.000e+00
1.306e+00	-6.765e+02	-6.766586e+02	1.126e-01	0.000e+00
1.310e+00	-6.765e+02	-6.766387e+02	9.983e-02	0.000e+00
1.314e+00	-6.765e+02	-6.766266e+02	9.210e-02	0.000e+00
1.318e+00	-6.765e+02	-6.766247e+02	9.086e-02	0.000e+00
1.322e+00	-6.765e+02	-6.766333e+02	9.637e-02	0.000e+00
1.326e+00	-6.765e+02	-6.766508e+02	1.076e-01	0.000e+00
1.330e+00	-6.765e+02	-6.766740e+02	1.225e-01	0.000e+00
1.334e+00	-6.765e+02	-6.766987e+02	1.382e-01	0.000e+00
1.338e+00	-6.765e+02	-6.767205e+02	1.522e-01	0.000e+00
1.342e+00	-6.765e+02	-6.767358e+02	1.620e-01	0.000e+00
1.346e+00	-6.765e+02	-6.767425e+02	1.663e-01	0.000e+00
1.350e+00	-6.765e+02	-6.767399e+02	1.646e-01	0.000e+00
1.354e+00	-6.765e+02	-6.767292e+02	1.578e-01	0.000e+00
1.358e+00	-6.765e+02	-6.767129e+02	1.474e-01	0.000e+00
1.362e+00	-6.765e+02	-6.766944e+02	1.356e-01	0.000e+00
1.366e+00	-6.765e+02	-6.766774e+02	1.247e-01	0.000e+00
1.370e+00	-6.765e+02	-6.766652e+02	1.168e-01	0.000e+00
1.374e+00	-6.765e+02	-6.766599e+02	1.134e-01	0.000e+00
1.378e+00	-6.765e+02	-6.766624e+02	1.151e-01	0.000e+00
1.382e+00	-6.765e+02	-6.766721e+02	1.212e-01	0.000e+00
1.386e+00	-6.765e+02	-6.766865e+02	1.304e-01	0.000e+00
1.390e+00	-6.765e+02	-6.767023e+02	1.406e-01	0.000e+00
1.394e+00	-6.765e+02	-6.767158e+02	1.492e-01	0.000e+00
1.398e+00	-6.765e+02	-6.767237e+02	1.542e-01	0.000e+00
1.402e+00	-6.765e+02	-6.767237e+02	1.542e-01	0.000e+00
1.406e+00	-6.765e+02	-6.767153e+02	1.488e-01	0.000e+00
1.410e+00	-6.765e+02	-6.766998e+02	1.389e-01	0.000e+00
1.414e+00	-6.765e+02	-6.766802e+02	1.264e-01	0.000e+00
1.418e+00	-6.765e+02	-6.766606e+02	1.138e-01	0.000e+00
1.422e+00	-6.765e+02	-6.766449e+02	1.038e-01	0.000e+00
1.426e+00	-6.765e+02	-6.766368e+02	9.864e-02	0.000e+00
1.430e+00	-6.765e+02	-6.766381e+02	9.950e-02	0.000e+00
1.434e+00	-6.765e+02	-6.766491e+02	1.065e-01	0.000e+00
1.438e+00	-6.765e+02	-6.766680e+02	1.186e-01	0.000e+00
1.442e+00	-6.765e+02	-6.766917e+02	1.338e-01	0.000e+00
1.446e+00	-6.765e+02	-6.767162e+02	1.494e-01	0.000e+00
1.450e+00	-6.765e+02	-6.767373e+02	1.629e-01	0.000e+00
1.454e+00	-6.765e+02	-6.767516e+02	1.721e-01	0.000e+00
1.458e+00	-6.765e+02	-6.767570e+02	1.756e-01	0.000e+00
1.462e+00	-6.765e+02	-6.767531e+02	1.731e-01	0.000e+00
1.466e+00	-6.765e+02	-6.767409e+02	1.653e-01	0.000e+00
1.470e+00	-6.765e+02	-6.767230e+02	1.538e-01	0.000e+00
1.474e+00	-6.765e+02	-6.767026e+02	1.408e-01	0.000e+00
1.478e+00	-6.765e+02	-6.766832e+02	1.284e-01	0.000e+00
1.482e+00	-6.765e+02	-6.766679e+02	1.185e-01	0.000e+00
1.486e+00	-6.765e+02	-6.766584e+02	1.125e-01	0.000e+00
1.490e+00	-6.765e+02	-6.766554e+02	1.105e-01	0.000e+00
1.494e+00	-6.765e+02	-6.766583e+02	1.124e-01	0.000e+00
1.498e+00	-6.765e+02	-6.766652e+02	1.168e-01	0.000e+00
1.502e+00	-6.765e+02	-6.766739e+02	1.224e-01	0.000e+00
1.506e+00	-6.765e+02	-6.766821e+02	1.276e-01	0.000e+00
1.510e+00	-6.765e+02	-6.766878e+02	1.312e-01	0.000e+00
1.514e+00	-6.765e+02	-6.766900e+02	1.327e-01	0.000e+00
1.518e+00	-6.765e+02	-6.766889e+02	1.319e-01	0.000e+00
1.522e+00	-6.765e+02	-6.766853e+02	1.297e-01	0.000e+00
1.526e+00	-6.765e+02	-6.766811e+02	1.270e-01	0.000e+00
1.530e+00	-6.765e+02	-6.766779e+02	1.250e-01	0.000e+00
1.534e+00	-6.765e+02	-6.766775e+02	1.247e-01	0.000e+00
1.538e+00	-6.765e+02	-6.766807e+02	1.267e-01	0.000e+00
1.542e+00	-6.765e+02	-6.766874e+02	1.311e-01	0.000e+00
1.546e+00	-6.765e+02	-6.766969e+02	1.371e-01	0.000e+00
1.550e+00	-6.765e+02	-6.767075e+02	1.439e-01	0.000e+00
1.554e+00	-6.765e+02	-6.767173e+02	1.502e-01	0.000e+00
1.558e+00	-6.765e+02	-6.767247e+02	1.549e-01	0.000e+00
1.562e+00	-6.765e+02	-6.767283e+02	1.572e-01	0.000e+00
1.566e+00	-6.765e+02	-6.767276e+02	1.568e-01	0.000e+00
1.570e+00	-6.765e+02	-6.767225e+02	1.535e-01	0.000e+00
1.574e+00	-6.765e+02	-6.767138e+02	1.479e-01	0.000e+00
1.578e+00	-6.765e+02	-6.767026e+02	1.408e-01	0.000e+00
1.582e+00	-6.765e+02	-6.766904e+02	1.329e-01	0.000e+00
1.586e+00	-6.765e+02	-6.766784e+02	1.252e-01	0.000e+00
1.590e+00	-6.765e+02	-6.766678e+02	1.185e-01	0.000e+00
1.594e+00	-6.765e+02	-6.766596e+02	1.132e-01	0.000e+00
1.598e+00	-6.765e+02	-6.766545e+02	1.099e-01	0.000e+00
1.602e+00	-6.765e+02	-6.766526e+02	1.087e-01	0.000e+00
1.606e+00	-6.765e+02	-6.766538e+02	1.095e-01	0.000e+00
1.610e+00	-6.765e+02	-6.766578e+02	1.120e-01	0.000e+00
1.614e+00	-6.765e+02	-6.766637e+02	1.158e-01	0.000e+00
1.618e+00	-6.765e+02	-6.766705e+02	1.202e-01	0.000e+00
1.622e+00	-6.765e+02	-6.766775e+02	1.247e-01	0.000e+00
1.626e+00	-6.765e+02	-6.766838e+02	1.287e-01	0.000e+00
1.630e+00	-6.765e+02	-6.766890e+02	1.320e-01	0.000e+00
1.634e+00	-6.765e+02	-6.766931e+02	1.347e-01	0.000e+00
1.638e+00	-6.765e+02	-6.766967e+02	1.370e-01	0.000e+00
1.642e+00	-6.765e+02	-6.767003e+02	1.393e-01	0.000e+00
1.646e+00	-6.765e+02	-6.767048e+02	1.422e-01	0.000e+00
1.650e+00	-6.765e+02	-6.767105e+02	1.459e-01	0.000e+00
1.654e+00	-6.765e+02	-6.767173e+02	1.502e-01	0.000e+00
1.658e+00	-6.765e+02	-6.767246e+02	1.549e-01	0.000e+00
1.662e+00	-6.765e+02	-6.767309e+02	1.589e-01	0.000e+00
1.666e+00	-6.765e+02	-6.767346e+02	1.613e-01	0.000e+00
1.670e+00	-6.765e+02	-6.767343e+02	1.611e-01	0.000e+00
1.674e+00	-6.765e+02	-6.767290e+02	1.576e-01	0.000e+00
1.678e+00	-6.765e+02	-6.767185e+02	1.510e-01	0.000e+00
1.682e+00	-6.765e+02	-6.767040e+02	1.417e-01	0.000e+00
1.686e+00	-6.765e+02	-6.766873e+02	1.310e-01	0.000e+00
1.690e+00	-6.765e+02	-6.766711e+02	1.206e-01	0.000e+00
1.694e+00	-6.765e+02	-6.766580e+02	1.122e-01	0.000e+00
1.698e+00	-6.765e+02	-6.766502e+02	1.072e-01	0.000e+00
1.702e+00	-6.765e+02	-6.766487e+02	1.063e-01	0.000e+00
1.706e+00	-6.765e+02	-6.766535e+02	1.093e-01	0.000e+00
1.710e+00	-6.765e+02	-6.766630e+02	1.154e-01	0.000e+00
1.714e+00	-6.765e+02	-6.766749e+02	1.230e-01	0.000e+00
1.718e+00	-6.765e+02	-6.766862e+02	1.302e-01	0.000e+00
1.722e+00	-6.765e+02	-6.766945e+02	1.355e-01	0.000e+00
1.726e+00	-6.765e+02	-6.766980e+02	1.378e-01	0.000e+00
1.730e+00	-6.765e+02	-6.766963e+02	1.367e-01	0.000e+00
1.734e+00	-6.765e+02	-6.766906e+02	1.331e-01	0.000e+00
1.738e+00	-6.765e+02	-6.766831e+02	1.283e-01	0.000e+00
1.742e+00	-6.765e+02	-6.766767e+02	1.242e-01	0.000e+00
1.746e+00	-6.765e+02	-6.766741e+02	1.226e-01	0.000e+00
1.750e+00	-6.765e+02	-6.766775e+02	1.247e-01	0.000e+00
1.754e+00	-6.765e+02	-6.766874e+02	1.311e-01	0.000e+00
1.758e+00	-6.765e+02	-6.767028e+02	1.409e-01	0.000e+00
1.762e+00	-6.765e+02	-6.767211e+02	1.526e-01	0.000e+00
1.766e+00	-6.765e+02	-6.767387e+02	1.639e-01	0.000e+00
1.770e+00	-6.765e+02	-6.767517e+02	1.722e-01	0.000e+00
1.774e+00	-6.765e+02	-6.767568e+02	1.754e-01	0.000e+00
1.778e+00	-6.765e+02	-6.767519e+02	1.723e-01	0.000e+00
1.782e+00	-6.765e+02	-6.767369e+02	1.627e-01	0.000e+00
1.786e+00	-6.765e+02	-6.767136e+02	1.478e-01	0.000e+00
1.790e+00	-6.765e+02	-6.766856e+02	1.299e-01	0.000e+00
1.794e+00	-6.765e+02	-6.766575e+02	1.119e-01	0.000e+00
1.798e+00	-6.765e+02	-6.766341e+02	9.691e-02	0.000e+00
1.802e+00	-6.765e+02	-6.766195e+02	8.759e-02	0.000e+00
1.806e+00	-6.765e+02	-6.766164e+02	8.557e-02	0.000e+00
1.810e+00	-6.765e+02	-6.766252e+02	9.120e-02	0.000e+00
1.814e+00	-6.765e+02	-6.766443e+02	1.034e-01	0.000e+00
1.818e+00	-6.765e+02	-6.766700e+02	1.199e-01	0.000e+00
1.822e+00	-6.765e+02	-6.766976e+02	1.375e-01	0.000e+00
1.826e+00	-6.765e+02	-6.767218e+02	1.530e-01	0.000e+00
1.830e+00	-6.765e+02	-6.767382e+02	1.635e-01	0.000e+00
1.834e+00	-6.765e+02	-6.767437e+02	1.670e-01	0.000e+00
1.838e+00	-6.765e+02	-6.767378e+02	1.633e-01	0.000e+00
1.842e+00	-6.765e+02	-6.767221e+02	1.532e-01	0.000e+00
1.846e+00	-6.765e+02	-6.767005e+02	1.394e-01	0.000e+00
1.850e+00	-6.765e+02	-6.766777e+02	1.248e-01	0.000e+00
1.854e+00	-6.765e+02	-6.766590e+02	1.128e-01	0.000e+00
1.858e+00	-6.765e+02	-6.766483e+02	1.060e-01	0.000e+00
1.862e+00	-6.765e+02	-6.766478e+02	1.057e-01	0.000e+00
1.866e+00	-6.765e+02	-6.766574e+02	1.119e-01	0.000e+00
1.870e+00	-6.765e+02	-6.766748e+02	1.230e-01	0.000e+00
1.874e+00	-6.765e+02	-6.766957e+02	1.364e-01	0.000e+00
1.878e+00	-6.765e+02	-6.767155e+02	1.490e-01	0.000e+00
1.882e+00	-6.765e+02	-6.767297e+02	1.581e-01	0.000e+00
1.886e+00	-6.765e+02	-6.767350e+02	1.615e-01	0.000e+00
1.890e+00	-6.765e+02	-6.767303e+02	1.585e-01	0.000e+00
1.894e+00	-6.765e+02	-6.767166e+02	1.497e-01	0.000e+00
1.898e+00	-6.765e+02	-6.766967e+02	1.370e-01	0.000e+00
1.902e+00	-6.765e+02	-6.766750e+02	1.231e-01	0.000e+00
1.906e+00	-6.765e+02	-6.766562e+02	1.111e-01	0.000e+00
1.910e+00	-6.765e+02	-6.766445e+02	1.036e-01	0.000e+00
1.914e+00	-6.765e+02	-6.766426e+02	1.024e-01	0.000e+00
1.918e+00	-6.765e+02	-6.766511e+02	1.078e-01	0.000e+00
1.922e+00	-6.765e+02	-6.766687e+02	1.190e-01	0.000e+00
1.926e+00	-6.765e+02	-6.766918e+02	1.339e-01	0.000e+00
1.930e+00	-6.765e+02	-6.767161e+02	1.494e-01	0.000e+00
1.934e+00	-6.765e+02	-6.767369e+02	1.627e-01	0.000e+00
1.938e+00	-6.765e+02	-6.767504e+02	1.713e-01	0.000e+00
1.942e+00	-6.765e+02	-6.767541e+02	1.737e-01	0.000e+00
1.946e+00	-6.765e+02	-6.767477e+02	1.696e-01	0.000e+00
1.950e+00	-6.765e+02	-6.767328e+02	1.601e-01	0.000e+00
1.954e+00	-6.765e+02	-6.767124e+02	1.470e-01	0.000e+00
1.958e+00	-6.765e+02	-6.766903e+02	1.329e-01	0.000e+00
1.962e+00	-6.765e+02	-6.766705e+02	1.202e-01	0.000e+00
1.966e+00	-6.765e+02	-6.766559e+02	1.109e-01	0.000e+00
1.970e+00	-6.765e+02	-6.766483e+02	1.060e-01	0.000e+00
1.974e+00	-6.765e+02	-6.766481e+02	1.059e-01	0.000e+00
1.978e+00	-6.765e+02	-6.766543e+02	1.098e-01	0.000e+00
1.982e+00	-6.765e+02	-6.766646e+02	1.164e-01	0.000e+00
1.986e+00	-6.765e+02	-6.766766e+02	1.241e-01	0.000e+00
1.990e+00	-6.765e+02	-6.766876e+02	1.311e-01	0.000e+00
1.994e+00	-6.765e+02	-6.766957e+02	1.363e-01	0.000e+00
1.998e+00	-6.765e+02	-6.766998e+02	1.389e-01	0.000e+00
2.002e+00	-6.765e+02	-6.766996e+02	1.388e-01	0.000e+00
2.006e+00	-6.765e+02	-6.766960e+02	1.365e-01	0.000e+00
2.010e+00	-6.765e+02	-6.766906e+02	1.331e-01	0.000e+00
2.014e+00	-6.765e+02	-6.766851e+02	1.296e-01	0.000e+00
2.018e+00	-6.765e+02	-6.766814e+02	1.272e-01	0.000e+00
2.022e+00	-6.765e+02	-6.766808e+02	1.268e-01	0.000e+00
2.026e+00	-6.765e+02	-6.766840e+02	1.289e-01	0.000e+00
2.030e+00	-6.765e+02	-6.766909e+02	1.333e-01	0.000e+00
2.034e+00	-6.765e+02	-6.767004e+02	1.394e-01	0.000e+00
2.038e+00	-6.765e+02	-6.767110e+02	1.462e-01	0.000e+00
2.042e+00	-6.765e+02	-6.767208e+02	1.524e-01	0.000e+00
2.046e+00	-6.765e+02	-6.767280e+02	1.571e-01	0.000e+00
2.050e+00	-6.765e+02	-6.767313e+02	1.591e-01	0.000e+00
2.054e+00	-6.765e+02	-6.767300e+02	1.583e-01	0.000e+00
2.058e+00	-6.765e+02	-6.767242e+02	1.546e-01	0.000e+00
2.062e+00	-6.765e+02	-6.767148e+02	1.486e-01	0.000e+00
2.066e+00	-6.765e+02	-6.767030e+02	1.410e-01	0.000e+00
2.070e+00	-6.765e+02	-6.766902e+02	1.328e-01	0.000e+00
2.074e+00	-6.765e+02	-6.766776e+02	1.248e-01	0.000e+00
2.078e+00	-6.765e+02	-6.766663e+02	1.175e-01	0.000e+00
2.082e+00	-6.765e+02	-6.766570e+02	1.115e-01	0.000e+00
2.086e+00	-6.765e+02	-6.766503e+02	1.072e-01	0.000e+00
2.090e+00	-6.765e+02	-6.766468e+02	1.050e-01	0.000e+00
2.094e+00	-6.765e+02	-6.766470e+02	1.051e-01	0.000e+00
2.098e+00	-6.765e+02	-6.766511e+02	1.078e-01	0.000e+00
2.102e+00	-6.765e+02	-6.766592e+02	1.129e-01	0.000e+00
2.106e+00	-6.765e+02	-6.766704e+02	1.201e-01	0.000e+00
2.110e+00	-6.765e+02	-6.766835e+02	1.285e-01	0.000e+00
2.114e+00	-6.765e+02	-6.766966e+02	1.369e-01	0.000e+00
2.118e+00	-6.765e+02	-6.767078e+02	1.441e-01	0.000e+00
2.122e+00	-6.765e+02	-6.767152e+02	1.488e-01	0.000e+00
2.126e+00	-6.765e+02	-6.767179e+02	1.505e-01	0.000e+00
2.130e+00	-6.765e+02	-6.767156e+02	1.491e-01	0.000e+00
2.134e+00	-6.765e+02	-6.767093e+02	1.450e-01	0.000e+00
2.138e+00	-6.765e+02	-6.767006e+02	1.395e-01	0.000e+00
2.142e+00	-6.765e+02	-6.766919e+02	1.339e-01	0.000e+00
2.146e+00	-6.765e+02	-6.766852e+02	1.296e-01	0.000e+00
2.150e+00	-6.765e+02	-6.766820e+02	1.276e-01	0.000e+00
2.154e+00	-6.765e+02	-6.766831e+02	1.283e-01	0.000e+00
2.158e+00	-6.765e+02	-6.766883e+02	1.316e-01	0.000e+00
2.162e+00	-6.765e+02	-6.766962e+02	1.367e-01	0.000e+00
2.166e+00	-6.765e+02	-6.767051e+02	1.424e-01	0.000e+00
2.170e+00	-6.765e+02	-6.767129e+02	1.474e-01	0.000e+00
2.174e+00	-6.765e+02	-6.767176e+02	1.503e-01	0.000e+00
2.178e+00	-6.765e+02	-6.767178e+02	1.505e-01	0.000e+00
2.182e+00	-6.765e+02	-6.767131e+02	1.475e-01	0.000e+00
2.186e+00	-6.765e+02	-6.767037e+02	1.414e-01	0.000e+00
2.190e+00	-6.765e+02	-6.766909e+02	1.333e-01	0.000e+00
2.194e+00	-6.765e+02	-6.766768e+02	1.242e-01	0.000e+00
2.198e+00	-6.765e+02	-6.766635e+02	1.157e-01	0.000e+00
2.202e+00	-6.765e+02	-6.766534e+02	1.093e-01	0.000e+00
2.206e+00	-6.765e+02	-6.766483e+02	1.060e-01	0.000e+00
2.210e+00	-6.765e+02	-6.766491e+02	1.065e-01	0.000e+00
2.214e+00	-6.765e+02	-6.766558e+02	1.108e-01	0.000e+00
2.218e+00	-6.765e+02	-6.766673e+02	1.182e-01	0.000e+00
2.222e+00	-6.765e+02	-6.766820e+02	1.276e-01	0.000e+00
2.226e+00	-6.765e+02	-6.766976e+02	1.375e-01	0.000e+00
2.230e+00	-6.765e+02	-6.767118e+02	1.467e-01	0.000e+00
2.234e+00	-6.765e+02	-6.767231e+02	1.539e-01	0.000e+00
2.238e+00	-6.765e+02	-6.767301e+02	1.584e-01	0.000e+00
2.242e+00	-6.765e+02	-6.767324e+02	1.599e-01	0.000e+00
2.246e+00	-6.765e+02	-6.767304e+02	1.586e-01	0.000e+00
2.250e+00	-6.765e+02	-6.767248e+02	1.550e-01	0.000e+00
2.254e+00	-6.765e+02	-6.767167e+02	1.498e-01	0.000e+00
2.258e+00	-6.765e+02	-6.767072e+02	1.438e-01	0.000e+00
2.262e+00	-6.765e+02	-6.766975e+02	1.375e-01	0.000e+00
2.266e+00	-6.765e+02	-6.766884e+02	1.317e-01	0.000e+00
2.270e+00	-6.765e+02	-6.766805e+02	1.266e-01	0.000e+00
2.274e+00	-6.765e+02	-6.766744e+02	1.227e-01	0.000e+00
2.278e+00	-6.765e+02	-6.766701e+02	1.200e-01	0.000e+00
2.282e+00	-6.765e+02	-6.766678e+02	1.185e-01	0.000e+00
2.286e+00	-6.765e+02	-6.766671e+02	1.180e-01	0.000e+00
2.290e+00	-6.765e+02	-6.766676e+02	1.183e-01	0.000e+00
2.294e+00	-6.765e+02	-6.766689e+02	1.192e-01	0.000e+00
2.298e+00	-6.765e+02	-6.766705e+02	1.202e-01	0.000e+00
2.302e+00	-6.765e+02	-6.766722e+02	1.212e-01	0.000e+00
2.306e+00	-6.765e+02	-6.766739e+02	1.224e-01	0.000e+00
2.310e+00	-6.765e+02	-6.766761e+02	1.238e-01	0.000e+00
2.314e+00	-6.765e+02	-6.766793e+02	1.258e-01	0.000e+00
2.318e+00	-6.765e+02	-6.766840e+02	1.289e-01	0.000e+00
2.322e+00	-6.765e+02	-6.766905e+02	1.330e-01	0.000e+00
2.326e+00	-6.765e+02	-6.766985e+02	1.382e-01	0.000e+00
2.330e+00	-6.765e+02	-6.767072e+02	1.437e-01	0.000e+00
2.334e+00	-6.765e+02	-6.767154e+02	1.490e-01	0.000e+00
2.338e+00	-6.765e+02	-6.767217e+02	1.530e-01	0.000e+00
2.342e+00	-6.765e+02	-6.767249e+02	1.550e-01	0.000e+00
2.346e+00	-6.765e+02	-6.767244e+02	1.547e-01	0.000e+00
2.350e+00	-6.765e+02	-6.767205e+02	1.523e-01	0.000e+00
2.354e+00	-6.765e+02	-6.767143e+02	1.483e-01	0.000e+00
2.358e+00	-6.765e+02	-6.767073e+02	1.438e-01	0.000e+00
2.362e+00	-6.765e+02	-6.767011e+02	1.398e-01	0.000e+00
2.366e+00	-6.765e+02	-6.766970e+02	1.372e-01	0.000e+00
2.370e+00	-6.765e+02	-6.766954e+02	1.362e-01	0.000e+00
2.374e+00	-6.765e+02	-6.766956e+02	1.363e-01	0.000e+00
2.378e+00	-6.765e+02	-6.766963e+02	1.367e-01	0.000e+00
2.382e+00	-6.765e+02	-6.766954e+02	1.361e-01	0.000e+00
2.386e+00	-6.765e+02	-6.766914e+02	1.336e-01	0.000e+00
2.390e+00	-6.765e+02	-6.766833e+02	1.284e-01	0.000e+00
2.394e+00	-6.765e+02	-6.766713e+02	1.206e-01	0.000e+00
2.398e+00	-6.765e+02	-6.766567e+02	1.113e-01	0.000e+00
2.402e+00	-6.765e+02	-6.766422e+02	1.020e-01	0.000e+00
2.406e+00	-6.765e+02	-6.766306e+02	9.465e-02	0.000e+00
2.410e+00	-6.765e+02	-6.766249e+02	9.097e-02	0.000e+00
2.414e+00	-6.765e+02	-6.766269e+02	9.230e-02	0.000e+00
2.418e+00	-6.765e+02	-6.766376e+02	9.914e-02	0.000e+00
2.422e+00	-6.765e+02	-6.766561e+02	1.110e-01	0.000e+00
2.426e+00	-6.765e+02	-6.766804e+02	1.266e-01	0.000e+00
2.430e+00	-6.765e+02	-6.767072e+02	1.437e-01	0.000e+00
2.434e+00	-6.765e+02	-6.767326e+02	1.600e-01	0.000e+00
2.438e+00	-6.765e+02	-6.767529e+02	1.730e-01	0.000e+00
2.442e+00	-6.765e+02	-6.767652e+02	1.809e-01	0.000e+00
2.446e+00	-6.765e+02	-6.767676e+02	1.824e-01	0.000e+00
2.450e+00	-6.765e+02	-6.767601e+02	1.776e-01	0.000e+00
2.454e+00	-6.765e+02	-6.767441e+02	1.674e-01	0.000e+00
2.458e+00	-6.765e+02	-6.767229e+02	1.538e-01	0.000e+00
2.462e+00	-6.765e+02	-6.767004e+02	1.394e-01	0.000e+00
2.466e+00	-6.765e+02	-6.766809e+02	1.269e-01	0.000e+00
2.470e+00	-6.765e+02	-6.766681e+02	1.187e-01	0.000e+00
2.474e+00	-6.765e+02	-6.766640e+02	1.161e-01	0.000e+00
2.478e+00	-6.765e+02	-6.766687e+02	1.191e-01	0.000e+00
2.482e+00	-6.765e+02	-6.766800e+02	1.263e-01	0.000e+00
2.486e+00	-6.765e+02	-6.766943e+02	1.355e-01	0.000e+00
2.490e+00	-6.765e+02	-6.767069e+02	1.435e-01	0.000e+00
2.494e+00	-6.765e+02	-6.767133e+02	1.476e-01	0.000e+00
2.498e+00	-6.765e+02	-6.767106e+02	1.458e-01	0.000e+00
2.502e+00	-6.765e+02	-6.766980e+02	1.378e-01	0.000e+00
2.506e+00	-6.765e+02	-6.766775e+02	1.247e-01	0.000e+00
2.510e+00	-6.765e+02	-6.766533e+02	1.091e-01	0.000e+00
2.514e+00	-6.765e+02	-6.766308e+02	9.480e-02	0.000e+00
2.518e+00	-6.765e+02	-6.766159e+02	8.522e-02	0.000e+00
2.522e+00	-6.765e+02	-6.766127e+02	8.323e-02	0.000e+00
2.526e+00	-6.765e+02	-6.766235e+02	9.014e-02	0.000e+00
2.530e+00	-6.765e+02	-6.766473e+02	1.054e-01	0.000e+00
2.534e+00	-6.765e+02	-6.766805e+02	1.267e-01	0.000e+00
2.538e+00	-6.765e+02	-6.767173e+02	1.502e-01	0.000e+00
2.542e+00	-6.765e+02	-6.767508e+02	1.716e-01	0.000e+00
2.546e+00	-6.765e+02	-6.767747e+02	1.869e-01	0.000e+00
2.550e+00	-6.765e+02	-6.767846e+02	1.932e-01	0.000e+00
2.554e+00	-6.765e+02	-6.767784e+02	1.893e-01	0.000e+00
2.558e+00	-6.765e+02	-6.767575e+02	1.759e-01	0.000e+00
2.562e+00	-6.765e+02	-6.767261e+02	1.558e-01	0.000e+00
2.566e+00	-6.765e+02	-6.766905e+02	1.330e-01	0.000e+00
2.570e+00	-6.765e+02	-6.766578e+02	1.121e-01	0.000e+00
2.574e+00	-6.765e+02	-6.766344e+02	9.716e-02	0.000e+00
2.578e+00	-6.765e+02	-6.766249e+02	9.108e-02	0.000e+00
2.582e+00	-6.765e+02	-6.766308e+02	9.483e-02	0.000e+00
2.586e+00	-6.765e+02	-6.766502e+02	1.073e-01	0.000e+00
2.590e+00	-6.765e+02	-6.766786e+02	1.254e-01	0.000e+00
2.594e+00	-6.765e+02	-6.767094e+02	1.451e-01	0.000e+00
2.598e+00	-6.765e+02	-6.767356e+02	1.618e-01	0.000e+00
2.602e+00	-6.765e+02	-6.767510e+02	1.717e-01	0.000e+00
2.606e+00	-6.765e+02	-6.767522e+02	1.725e-01	0.000e+00
2.610e+00	-6.765e+02	-6.767386e+02	1.638e-01	0.000e+00
2.614e+00	-6.765e+02	-6.767130e+02	1.474e-01	0.000e+00
2.618e+00	-6.765e+02	-6.766810e+02	1.269e-01	0.000e+00
2.622e+00	-6.765e+02	-6.766496e+02	1.068e-01	0.000e+00
2.626e+00	-6.765e+02	-6.766259e+02	9.167e-02	0.000e+00
2.630e+00	-6.765e+02	-6.766154e+02	8.495e-02	0.000e+00
2.634e+00	-6.765e+02	-6.766207e+02	8.837e-02	0.000e+00
2.638e+00	-6.765e+02	-6.766411e+02	1.014e-01	0.000e+00
2.642e+00	-6.765e+02	-6.766727e+02	1.216e-01	0.000e+00
2.646e+00	-6.765e+02	-6.767090e+02	1.449e-01	0.000e+00
2.650e+00	-6.765e+02	-6.767428e+02	1.665e-01	0.000e+00
2.654e+00	-6.765e+02	-6.767671e+02	1.820e-01	0.000e+00
2.658e+00	-6.765e+02	-6.767772e+02	1.885e-01	0.000e+00
2.662e+00	-6.765e+02	-6.767709e+02	1.845e-01	0.000e+00
2.666e+00	-6.765e+02	-6.767495e+02	1.708e-01	0.000e+00
2.670e+00	-6.765e+02	-6.767171e+02	1.500e-01	0.000e+00
2.674e+00	-6.765e+02	-6.766796e+02	1.261e-01	0.000e+00
2.678e+00	-6.765e+02	-6.766439e+02	1.032e-01	0.000e+00
2.682e+00	-6.765e+02	-6.766163e+02	8.550e-02	0.000e+00
2.686e+00	-6.765e+02	-6.766012e+02	7.583e-02	0.000e+00
2.690e+00	-6.765e+02	-6.766007e+02	7.554e-02	0.000e+00
2.694e+00	-6.765e+02	-6.766143e+02	8.421e-02	0.000e+00
2.698e+00	-6.765e+02	-6.766387e+02	9.984e-02	0.000e+00
2.702e+00	-6.765e+02	-6.766691e+02	1.193e-01	0.000e+00
2.706e+00	-6.765e+02	-6.766998e+02	1.389e-01	0.000e+00
2.710e+00	-6.765e+02	-6.767255e+02	1.554e-01	0.000e+00
2.714e+00	-6.765e+02	-6.767422e+02	1.661e-01	0.000e+00
2.718e+00	-6.765e+02	-6.767482e+02	1.699e-01	0.000e+00
2.722e+00	-6.765e+02	-6.767438e+02	1.671e-01	0.000e+00
2.726e+00	-6.765e+02	-6.767314e+02	1.592e-01	0.000e+00
2.730e+00	-6.765e+02	-6.767148e+02	1.486e-01	0.000e+00
2.734e+00	-6.765e+02	-6.766981e+02	1.379e-01	0.000e+00
2.738e+00	-6.765e+02	-6.766851e+02	1.296e-01	0.000e+00
2.742e+00	-6.765e+02	-6.766781e+02	1.251e-01	0.000e+00
2.746e+00	-6.765e+02	-6.766779e+02	1.250e-01	0.000e+00
2.750e+00	-6.765e+02	-6.766834e+02	1.285e-01	0.000e+00
2.754e+00	-6.765e+02	-6.766924e+02	1.343e-01	0.000e+00
2.758e+00	-6.765e+02	-6.767021e+02	1.405e-01	0.000e+00
2.762e+00	-6.765e+02	-6.767098e+02	1.454e-01	0.000e+00
2.766e+00	-6.765e+02	-6.767135e+02	1.477e-01	0.000e+00
2.770e+00	-6.765e+02	-6.767123e+02	1.470e-01	0.000e+00
2.774e+00	-6.765e+02	-6.767068e+02	1.435e-01	0.000e+00
2.778e+00	-6.765e+02	-6.766984e+02	1.381e-01	0.000e+00
2.782e+00	-6.765e+02	-6.766890e+02	1.320e-01	0.000e+00
2.786e+00	-6.765e+02	-6.766807e+02	1.267e-01	0.000e+00
2.790e+00	-6.765e+02	-6.766751e+02	1.231e-01	0.000e+00
2.794e+00	-6.765e+02	-6.766730e+02	1.218e-01	0.000e+00
2.798e+00	-6.765e+02	-6.766745e+02	1.228e-01	0.000e+00
2.802e+00	-6.765e+02	-6.766787e+02	1.255e-01	0.000e+00
2.806e+00	-6.765e+02	-6.766843e+02	1.290e-01	0.000e+00
2.810e+00	-6.765e+02	-6.766896e+02	1.324e-01	0.000e+00
2.814e+00	-6.765e+02	-6.766934e+02	1.348e-01	0.000e+00
2.818e+00	-6.765e+02	-6.766948e+02	1.357e-01	0.000e+00
2.822e+00	-6.765e+02	-6.766935e+02	1.349e-01	0.000e+00
2.826e+00	-6.765e+02	-6.766901e+02	1.327e-01	0.000e+00
2.830e+00	-6.765e+02	-6.766855e+02	1.298e-01	0.000e+00
2.834e+00	-6.765e+02	-6.766812e+02	1.270e-01	0.000e+00
2.838e+00	-6.765e+02	-6.766782e+02	1.251e-01	0.000e+00
2.842e+00	-6.765e+02	-6.766775e+02	1.247e-01	0.000e+00
2.846e+00	-6.765e+02	-6.766794e+02	1.259e-01	0.000e+00
2.850e+00	-6.765e+02	-6.766836e+02	1.286e-01	0.000e+00
2.854e+00	-6.765e+02	-6.766892e+02	1.322e-01	0.000e+00
2.858e+00	-6.765e+02	-6.766952e+02	1.360e-01	0.000e+00
2.862e+00	-6.765e+02	-6.767003e+02	1.393e-01	0.000e+00
2.866e+00	-6.765e+02	-6.767039e+02	1.416e-01	0.000e+00
2.870e+00	-6.765e+02	-6.767055e+02	1.426e-01	0.000e+00
2.874e+00	-6.765e+02	-6.767053e+02	1.425e-01	0.000e+00
2.878e+00	-6.765e+02	-6.767041e+02	1.418e-01	0.000e+00
2.882e+00	-6.765e+02	-6.767029e+02	1.409e-01	0.000e+00
2.886e+00	-6.765e+02	-6.767024e+02	1.406e-01	0.000e+00
2.890e+00	-6.765e+02	-6.767033e+02	1.412e-01	0.000e+00
2.894e+00	-6.765e+02	-6.767056e+02	1.427e-01	0.000e+00
2.898e+00	-6.765e+02	-6.767088e+02	1.447e-01	0.000e+00
2.902e+00	-6.765e+02	-6.767118e+02	1.466e-01	0.000e+00
2.906e+00	-6.765e+02	-6.767132e+02	1.475e-01	0.000e+00
2.910e+00	-6.765e+02	-6.767119e+02	1.467e-01	0.000e+00
2.914e+00	-6.765e+02	-6.767072e+02	1.437e-01	0.000e+00
2.918e+00	-6.765e+02	-6.766991e+02	1.385e-01	0.000e+00
2.922e+00	-6.765e+02	-6.766884e+02	1.316e-01	0.000e+00
2.926e+00	-6.765e+02	-6.766764e+02	1.240e-01	0.000e+00
2.930e+00	-6.765e+02	-6.766650e+02	1.167e-01	0.000e+00
2.934e+00	-6.765e+02	-6.766557e+02	1.107e-01	0.000e+00
2.938e+00	-6.765e+02	-6.766494e+02	1.067e-01	0.000e+00
2.942e+00	-6.765e+02	-6.766466e+02	1.049e-01	0.000e+00
2.946e+00	-6.765e+02	-6.766468e+02	1.050e-01	0.000e+00
2.950e+00	-6.765e+02	-6.766492e+02	1.065e-01	0.000e+00
2.954e+00	-6.765e+02	-6.766530e+02	1.089e-01	0.000e+00
2.958e+00	-6.765e+02	-6.766573e+02	1.117e-01	0.000e+00
2.962e+00	-6.765e+02	-6.766621e+02	1.148e-01	0.000e+00
2.966e+00	-6.765e+02	-6.766677e+02	1.184e-01	0.000e+00
2.970e+00	-6.765e+02	-6.766749e+02	1.230e-01	0.000e+00
2.974e+00	-6.765e+02	-6.766844e+02	1.291e-01	0.000e+00
2.978e+00	-6.765e+02	-6.766966e+02	1.369e-01	0.000e+00
2.982e+00	-6.765e+02	-6.767110e+02	1.462e-01	0.000e+00
2.986e+00	-6.765e+02	-6.767265e+02	1.561e-01	0.000e+00
2.990e+00	-6.765e+02	-6.767412e+02	1.655e-01	0.000e+00
2.994e+00	-6.765e+02	-6.767530e+02	1.731e-01	0.000e+00
2.998e+00	-6.765e+02	-6.767598e+02	1.774e-01	0.000e+00
3.002e+00	-6.765e+02	-6.767602e+02	1.777e-01	0.000e+00
3.006e+00	-6.765e+02	-6.767540e+02	1.737e-01	0.000e+00
3.010e+00	-6.765e+02	-6.767418e+02	1.659e-01	0.000e+00
3.014e+00	-6.765e+02	-6.767255e+02	1.555e-01	0.000e+00
3.018e+00	-6.765e+02	-6.767075e+02	1.439e-01	0.000e+00
3.022e+00	-6.765e+02	-6.766901e+02	1.328e-01	0.000e+00
3.026e+00	-6.765e+02	-6.766755e+02	1.234e-01	0.000e+00
3.030e+00	-6.765e+02	-6.766648e+02	1.166e-01	0.000e+00
3.034e+00	-6.765e+02	-6.766584e+02	1.124e-01	0.000e+00
3.038e+00	-6.765e+02	-6.766558e+02	1.108e-01	0.000e+00
3.042e+00	-6.765e+02	-6.766559e+02	1.108e-01	0.000e+00
3.046e+00	-6.765e+02	-6.766574e+02	1.118e-01	0.000e+00
3.050e+00	-6.765e+02	-6.766591e+02	1.129e-01	0.000e+00
3.054e+00	-6.765e+02	-6.766603e+02	1.136e-01	0.000e+00
3.058e+00	-6.765e+02	-6.766609e+02	1.140e-01	0.000e+00
3.062e+00	-6.765e+02	-6.766615e+02	1.144e-01	0.000e+00
3.066e+00	-6.765e+02	-6.766631e+02	1.154e-01	0.000e+00
3.070e+00	-6.765e+02	-6.766670e+02	1.179e-01	0.000e+00
3.074e+00	-6.765e+02	-6.766740e+02	1.225e-01	0.000e+00
3.078e+00	-6.765e+02	-6.766846e+02	1.293e-01	0.000e+00
3.082e+00	-6.765e+02	-6.766983e+02	1.380e-01	0.000e+00
3.086e+00	-6.765e+02	-6.767136e+02	1.478e-01	0.000e+00
3.090e+00	-6.765e+02	-6.767283e+02	1.572e-01	0.000e+00
3.094e+00	-6.765e+02	-6.767399e+02	1.647e-01	0.000e+00
3.098e+00	-6.765e+02	-6.767460e+02	1.685e-01	0.000e+00
3.102e+00	-6.765e+02	-6.767448e+02	1.678e-01	0.000e+00
3.106e+00	-6.765e+02	-6.767360e+02	1.621e-01	0.000e+00
3.110e+00	-6.765e+02	-6.767204e+02	1.521e-01	0.000e+00
3.114e+00	-6.765e+02	-6.767005e+02	1.394e-01	0.000e+00
3.118e+00	-6.765e+02	-6.766798e+02	1.262e-01	0.000e+00
3.122e+00	-6.765e+02	-6.766621e+02	1.148e-01	0.000e+00
3.126e+00	-6.765e+02	-6.766508e+02	1.076e-01	0.000e+00
3.130e+00	-6.765e+02	-6.766480e+02	1.058e-01	0.000e+00
3.134e+00	-6.765e+02	-6.766542e+02	1.098e-01	0.000e+00
3.138e+00	-6.765e+02	-6.766680e+02	1.186e-01	0.000e+00
3.142e+00	-6.765e+02	-6.766864e+02	1.304e-01	0.000e+00
3.146e+00	-6.765e+02	-6.767054e+02	1.425e-01	0.000e+00
3.150e+00	-6.765e+02	-6.767207e+02	1.523e-01	0.000e+00
3.154e+00	-6.765e+02	-6.767289e+02	1.575e-01	0.000e+00
3.158e+00	-6.765e+02	-6.767277e+02	1.568e-01	0.000e+00
3.162e+00	-6.765e+02	-6.767172e+02	1.501e-01	0.000e+00
3.166e+00	-6.765e+02	-6.766991e+02	1.385e-01	0.000e+00
3.170e+00	-6.765e+02	-6.766770e+02	1.244e-01	0.000e+00
3.174e+00	-6.765e+02	-6.766557e+02	1.108e-01	0.000e+00
3.178e+00	-6.765e+02	-6.766400e+02	1.007e-01	0.000e+00
3.182e+00	-6.765e+02	-6.766338e+02	9.673e-02	0.000e+00
3.186e+00	-6.765e+02	-6.766392e+02	1.002e-01	0.000e+00
3.190e+00	-6.765e+02	-6.766559e+02	1.109e-01	0.000e+00
3.194e+00	-6.765e+02	-6.766811e+02	1.270e-01	0.000e+00
3.198e+00	-6.765e+02	-6.767097e+02	1.453e-01	0.000e+00
3.202e+00	-6.765e+02	-6.767358e+02	1.620e-01	0.000e+00
3.206e+00	-6.765e+02	-6.767533e+02	1.732e-01	0.000e+00
3.210e+00	-6.765e+02	-6.767578e+02	1.760e-01	0.000e+00
3.214e+00	-6.765e+02	-6.767474e+02	1.694e-01	0.000e+00
3.218e+00	-6.765e+02	-6.767234e+02	1.540e-01	0.000e+00
3.222e+00	-6.765e+02	-6.766900e+02	1.327e-01	0.000e+00
3.226e+00	-6.765e+02	-6.766536e+02	1.093e-01	0.000e+00
3.230e+00	-6.765e+02	-6.766215e+02	8.882e-02	0.000e+00
3.234e+00	-6.765e+02	-6.766005e+02	7.542e-02	0.000e+00
3.238e+00	-6.765e+02	-6.765955e+02	7.221e-02	0.000e+00
3.242e+00	-6.765e+02	-6.766081e+02	8.030e-02	0.000e+00
3.246e+00	-6.765e+02	-6.766368e+02	9.865e-02	0.000e+00
3.250e+00	-6.765e+02	-6.766767e+02	1.242e-01	0.000e+00
3.254e+00	-6.765e+02	-6.767208e+02	1.524e-01	0.000e+00
3.258e+00	-6.765e+02	-6.767611e+02	1.782e-01	0.000e+00
3.262e+00	-6.765e+02	-6.767905e+02	1.970e-01	0.000e+00
3.266e+00	-6.765e+02	-6.768035e+02	2.053e-01	0.000e+00
3.270e+00	-6.765e+02	-6.767980e+02	2.018e-01	0.000e+00
3.274e+00	-6.765e+02	-6.767751e+02	1.872e-01	0.000e+00
3.278e+00	-6.765e+02	-6.767393e+02	1.643e-01	0.000e+00
3.282e+00	-6.765e+02	-6.766974e+02	1.375e-01	0.000e+00
3.286e+00	-6.765e+02	-6.766574e+02	1.118e-01	0.000e+00
3.290e+00	-6.765e+02	-6.766264e+02	9.200e-02	0.000e+00
3.294e+00	-6.765e+02	-6.766098e+02	8.137e-02	0.000e+00
3.298e+00	-6.765e+02	-6.766098e+02	8.137e-02	0.000e+00
3.302e+00	-6.765e+02	-6.766252e+02	9.124e-02	0.000e+00
3.306e+00	-6.765e+02	-6.766518e+02	1.082e-01	0.000e+00
3.310e+00	-6.765e+02	-6.766832e+02	1.283e-01	0.000e+00
3.314e+00	-6.765e+02	-6.767123e+02	1.469e-01	0.000e+00
3.318e+00	-6.765e+02	-6.767332e+02	1.603e-01	0.000e+00
3.322e+00	-6.765e+02	-6.767419e+02	1.659e-01	0.000e+00
3.326e+00	-6.765e+02	-6.767375e+02	1.631e-01	0.000e+00
3.330e+00	-6.765e+02	-6.767221e+02	1.532e-01	0.000e+00
3.334e+00	-6.765e+02	-6.767002e+02	1.392e-01	0.000e+00
3.338e+00	-6.765e+02	-6.766777e+02	1.248e-01	0.000e+00
3.342e+00	-6.765e+02	-6.766604e+02	1.138e-01	0.000e+00
3.346e+00	-6.765e+02	-6.766529e+02	1.090e-01	0.000e+00
3.350e+00	-6.765e+02	-6.766573e+02	1.118e-01	0.000e+00
3.354e+00	-6.765e+02	-6.766731e+02	1.219e-01	0.000e+00
3.358e+00	-6.765e+02	-6.766969e+02	1.371e-01	0.000e+00
3.362e+00	-6.765e+02	-6.767236e+02	1.542e-01	0.000e+00
3.366e+00	-6.765e+02	-6.767470e+02	1.692e-01	0.000e+00
3.370e+00	-6.765e+02	-6.767618e+02	1.787e-01	0.000e+00
3.374e+00	-6.765e+02	-6.767640e+02	1.801e-01	0.000e+00
3.378e+00	-6.765e+02	-6.767523e+02	1.726e-01	0.000e+00
3.382e+00	-6.765e+02	-6.767281e+02	1.571e-01	0.000e+00
3.386e+00	-6.765e+02	-6.766952e+02	1.360e-01	0.000e+00
3.390e+00	-6.765e+02	-6.766592e+02	1.130e-01	0.000e+00
3.394e+00	-6.765e+02	-6.766264e+02	9.194e-02	0.000e+00
3.398e+00	-6.765e+02	-6.766022e+02	7.649e-02	0.000e+00
3.402e+00	-6.765e+02	-6.765908e+02	6.919e-02	0.000e+00
3.406e+00	-6.765e+02	-6.765938e+02	7.107e-02	0.000e+00
3.410e+00	-6.765e+02	-6.766101e+02	8.150e-02	0.000e+00
3.414e+00	-6.765e+02	-6.766365e+02	9.839e-02	0.000e+00
3.418e+00	-6.765e+02	-6.766681e+02	1.186e-01	0.000e+00
3.422e+00	-6.765e+02	-6.766994e+02	1.387e-01	0.000e+00
3.426e+00	-6.765e+02	-6.767256e+02	1.555e-01	0.000e+00
3.430e+00	-6.765e+02	-6.767431e+02	1.666e-01	0.000e+00
3.434e+00	-6.765e+02	-6.767502e+02	1.712e-01	0.000e+00
3.438e+00	-6.765e+02	-6.767476e+02	1.696e-01	0.000e+00
3.442e+00	-6.765e+02	-6.767376e+02	1.632e-01	0.000e+00
3.446e+00	-6.765e+02	-6.767240e+02	1.545e-01	0.000e+00
3.450e+00	-6.765e+02	-6.767109e+02	1.462e-01	0.000e+00
3.454e+00	-6.765e+02	-6.767019e+02	1.404e-01	0.000e+00
3.458e+00	-6.765e+02	-6.766992e+02	1.387e-01	0.000e+00
3.462e+00	-6.765e+02	-6.767032e+02	1.412e-01	0.000e+00
3.466e+00	-6.765e+02	-6.767124e+02	1.471e-01	0.000e+00
3.470e+00	-6.765e+02	-6.767235e+02	1.541e-01	0.000e+00
3.474e+00	-6.765e+02	-6.767323e+02	1.598e-01	0.000e+00
3.478e+00	-6.765e+02	-6.767348e+02	1.613e-01	0.000e+00
3.482e+00	-6.765e+02	-6.767281e+02	1.570e-01	0.000e+00
3.486e+00	-6.765e+02	-6.767111e+02	1.461e-01	0.000e+00
3.490e+00	-6.765e+02	-6.766852e+02	1.295e-01	0.000e+00
3.494e+00	-6.765e+02	-6.766540e+02	1.096e-01	0.000e+00
3.498e+00	-6.765e+02	-6.766227e+02	8.957e-02	0.000e+00
3.502e+00	-6.765e+02	-6.765971e+02	7.314e-02	0.000e+00
3.506e+00	-6.765e+02	-6.765820e+02	6.352e-02	0.000e+00
3.510e+00	-6.765e+02	-6.765808e+02	6.276e-02	0.000e+00
3.514e+00	-6.765e+02	-6.765942e+02	7.130e-02	0.000e+00
3.518e+00	-6.765e+02	-6.766200e+02	8.784e-02	0.000e+00
3.522e+00	-6.765e+02	-6.766541e+02	1.096e-01	0.000e+00
3.526e+00	-6.765e+02	-6.766908e+02	1.332e-01	0.000e+00
3.530e+00	-6.765e+02	-6.767245e+02	1.547e-01	0.000e+00
3.534e+00	-6.765e+02	-6.767506e+02	1.715e-01	0.000e+00
3.538e+00	-6.765e+02	-6.767664e+02	1.816e-01	0.000e+00
3.542e+00	-6.765e+02	-6.767714e+02	1.848e-01	0.000e+00
3.546e+00	-6.765e+02	-6.767675e+02	1.823e-01	0.000e+00
3.550e+00	-6.765e+02	-6.767577e+02	1.761e-01	0.000e+00
3.554e+00	-6.765e+02	-6.767460e+02	1.687e-01	0.000e+00
3.558e+00	-6.765e+02	-6.767358e+02	1.621e-01	0.000e+00
3.562e+00	-6.765e+02	-6.767293e+02	1.580e-01	0.000e+00
3.566e+00	-6.765e+02	-6.767271e+02	1.565e-01	0.000e+00
3.570e+00	-6.765e+02	-6.767280e+02	1.571e-01	0.000e+00
3.574e+00	-6.765e+02	-6.767294e+02	1.579e-01	0.000e+00
3.578e+00	-6.765e+02	-6.767282e+02	1.571e-01	0.000e+00
3.582e+00	-6.765e+02	-6.767216e+02	1.529e-01	0.000e+00
3.586e+00	-6.765e+02	-6.767081e+02	1.442e-01	0.000e+00
3.590e+00	-6.765e+02	-6.766879e+02	1.313e-01	0.000e+00
3.594e+00	-6.765e+02	-6.766630e+02	1.154e-01	0.000e+00
3.598e+00	-6.765e+02	-6.766370e+02	9.872e-02	0.000e+00
3.602e+00	-6.765e+02	-6.766141e+02	8.407e-02	0.000e+00
3.606e+00	-6.765e+02	-6.765984e+02	7.402e-02	0.000e+00
3.610e+00	-6.765e+02	-6.765928e+02	7.043e-02	0.000e+00
3.614e+00	-6.765e+02	-6.765985e+02	7.407e-02	0.000e+00
3.618e+00	-6.765e+02	-6.766147e+02	8.442e-02	0.000e+00
3.622e+00	-6.765e+02	-6.766388e+02	9.984e-02	0.000e+00
3.626e+00	-6.765e+02	-6.766669e+02	1.179e-01	0.000e+00
3.630e+00	-6.765e+02	-6.766949e+02	1.358e-01	0.000e+00
3.634e+00	-6.765e+02	-6.767186e+02	1.510e-01	0.000e+00
3.638e+00	-6.765e+02	-6.767351e+02	1.616e-01	0.000e+00
3.642e+00	-6.765e+02	-6.767429e+02	1.666e-01	0.000e+00
3.646e+00	-6.765e+02	-6.767422e+02	1.661e-01	0.000e+00
3.650e+00	-6.765e+02	-6.767345e+02	1.612e-01	0.000e+00
3.654e+00	-6.765e+02	-6.767226e+02	1.536e-01	0.000e+00
3.658e+00	-6.765e+02	-6.767100e+02	1.455e-01	0.000e+00
3.662e+00	-6.765e+02	-6.766998e+02	1.391e-01	0.000e+00
3.666e+00	-6.765e+02	-6.766948e+02	1.358e-01	0.000e+00
3.670e+00	-6.765e+02	-6.766960e+02	1.366e-01	0.000e+00
3.674e+00	-6.765e+02	-6.767030e+02	1.411e-01	0.000e+00
3.678e+00	-6.765e+02	-6.767139e+02	1.481e-01	0.000e+00
3.682e+00	-6.765e+02	-6.767254e+02	1.554e-01	0.000e+00
3.686e+00	-6.765e+02	-6.767336e+02	1.606e-01	0.000e+00
3.690e+00	-6.765e+02	-6.767351e+02	1.616e-01	0.000e+00
3.694e+00	-6.765e+02	-6.767279e+02	1.569e-01	0.000e+00
3.698e+00	-6.765e+02	-6.767115e+02	1.464e-01	0.000e+00
3.702e+00	-6.765e+02	-6.766879e+02	1.313e-01	0.000e+00
3.706e+00	-6.765e+02	-6.766608e+02	1.139e-01	0.000e+00
3.710e+00	-6.765e+02	-6.766349e+02	9.736e-02	0.000e+00
3.714e+00	-6.765e+02	-6.766150e+02	8.467e-02	0.000e+00
3.718e+00	-6.765e+02	-6.766052e+02	7.835e-02	0.000e+00
3.722e+00	-6.765e+02	-6.766073e+02	7.974e-02	0.000e+00
3.726e+00	-6.765e+02	-6.766214e+02	8.873e-02	0.000e+00
3.730e+00	-6.765e+02	-6.766449e+02	1.038e-01	0.000e+00
3.734e+00	-6.765e+02	-6.766741e+02	1.225e-01	0.000e+00
3.738e+00	-6.765e+02	-6.767039e+02	1.416e-01	0.000e+00
3.742e+00	-6.765e+02	-6.767299e+02	1.582e-01	0.000e+00
3.746e+00	-6.765e+02	-6.767481e+02	1.699e-01	0.000e+00
3.750e+00	-6.765e+02	-6.767565e+02	1.753e-01	0.000e+00
3.754e+00	-6.765e+02	-6.767545e+02	1.740e-01	0.000e+00
3.758e+00	-6.765e+02	-6.767433e+02	1.668e-01	0.000e+00
3.762e+00	-6.765e+02	-6.767256e+02	1.555e-01	0.000e+00
3.766e+00	-6.765e+02	-6.767048e+02	1.422e-01	0.000e+00
3.770e+00	-6.765e+02	-6.766846e+02	1.293e-01	0.000e+00
3.774e+00	-6.765e+02	-6.766684e+02	1.189e-01	0.000e+00
3.778e+00	-6.765e+02	-6.766588e+02	1.128e-01	0.000e+00
3.782e+00	-6.765e+02	-6.766572e+02	1.117e-01	0.000e+00
3.786e+00	-6.765e+02	-6.766633e+02	1.156e-01	0.000e+00
3.790e+00	-6.765e+02	-6.766758e+02	1.236e-01	0.000e+00
3.794e+00	-6.765e+02	-6.766919e+02	1.339e-01	0.000e+00
3.798e+00	-6.765e+02	-6.767082e+02	1.444e-01	0.000e+00
3.802e+00	-6.765e+02	-6.767216e+02	1.529e-01	0.000e+00
3.806e+00	-6.765e+02	-6.767291e+02	1.577e-01	0.000e+00
3.810e+00	-6.765e+02	-6.767293e+02	1.578e-01	0.000e+00
3.814e+00	-6.765e+02	-6.767219e+02	1.531e-01	0.000e+00
3.818e+00	-6.765e+02	-6.767081e+02	1.443e-01	0.000e+00
3.822e+00	-6.765e+02	-6.766903e+02	1.329e-01	0.000e+00
3.826e+00	-6.765e+02	-6.766716e+02	1.209e-01	0.000e+00
3.830e+00	-6.765e+02	-6.766553e+02	1.105e-01	0.000e+00
3.834e+00	-6.765e+02	-6.766442e+02	1.034e-01	0.000e+00
3.838e+00	-6.765e+02	-6.766404e+02	1.010e-01	0.000e+00
3.842e+00	-6.765e+02	-6.766449e+02	1.038e-01	0.000e+00
3.846e+00	-6.765e+02	-6.766571e+02	1.116e-01	0.000e+00
3.850e+00	-6.765e+02	-6.766754e+02	1.233e-01	0.000e+00
3.854e+00	-6.765e+02	-6.766968e+02	1.371e-01	0.000e+00
3.858e+00	-6.765e+02	-6.767180e+02	1.506e-01	0.000e+00
3.862e+00	-6.765e+02	-6.767353e+02	1.617e-01	0.000e+00
3.866e+00	-6.765e+02	-6.767455e+02	1.682e-01	0.000e+00
3.870e+00	-6.765e+02	-6.767468e+02	1.690e-01	0.000e+00
3.874e+00	-6.765e+02	-6.767385e+02	1.637e-01	0.000e+00
3.878e+00	-6.765e+02	-6.767220e+02	1.532e-01	0.000e+00
3.882e+00	-6.765e+02	-6.767001e+02	1.392e-01	0.000e+00
3.886e+00	-6.765e+02	-6.766770e+02	1.244e-01	0.000e+00
3.890e+00	-6.765e+02	-6.766572e+02	1.117e-01	0.000e+00
3.894e+00	-6.765e+02	-6.766447e+02	1.037e-01	0.000e+00
3.898e+00	-6.765e+02	-6.766422e+02	1.021e-01	0.000e+00
3.902e+00	-6.765e+02	-6.766502e+02	1.072e-01	0.000e+00
3.906e+00	-6.765e+02	-6.766671e+02	1.180e-01	0.000e+00
3.910e+00	-6.765e+02	-6.766893e+02	1.322e-01	0.000e+00
3.914e+00	-6.765e+02	-6.767120e+02	1.468e-01	0.000e+00
3.918e+00	-6.765e+02	-6.767302e+02	1.584e-01	0.000e+00
3.922e+00	-6.765e+02	-6.767396e+02	1.644e-01	0.000e+00
3.926e+00	-6.765e+02	-6.767377e+02	1.632e-01	0.000e+00
3.930e+00	-6.765e+02	-6.767244e+02	1.547e-01	0.000e+00
3.934e+00	-6.765e+02	-6.767020e+02	1.403e-01	0.000e+00
3.938e+00	-6.765e+02	-6.766747e+02	1.229e-01	0.000e+00
3.942e+00	-6.765e+02	-6.766481e+02	1.059e-01	0.000e+00
3.946e+00	-6.765e+02	-6.766280e+02	9.300e-02	0.000e+00
3.950e+00	-6.765e+02	-6.766190e+02	8.724e-02	0.000e+00
3.954e+00	-6.765e+02	-6.766236e+02	9.024e-02	0.000e+00
3.958e+00	-6.765e+02	-6.766418e+02	1.019e-01	0.000e+00
3.962e+00	-6.765e+02	-6.766704e+02	1.202e-01	0.000e+00
3.966e+00	-6.765e+02	-6.767040e+02	1.417e-01	0.000e+00
3.970e+00	-6.765e+02	-6.767360e+02	1.621e-01	0.000e+00
3.974e+00	-6.765e+02	-6.767601e+02	1.775e-01	0.000e+00
3.978e+00	-6.765e+02	-6.767713e+02	1.847e-01	0.000e+00
3.982e+00	-6.765e+02	-6.767678e+02	1.825e-01	0.000e+00
3.986e+00	-6.765e+02	-6.767504e+02	1.714e-01	0.000e+00
3.990e+00	-6.765e+02	-6.767232e+02	1.540e-01	0.000e+00
3.994e+00	-6.765e+02	-6.766920e+02	1.340e-01	0.000e+00
3.998e+00	-6.765e+02	-6.766631e+02	1.155e-01	0.000e+00
4.002e+00	-6.765e+02	-6.766422e+02	1.021e-01	0.000e+00
4.006e+00	-6.765e+02	-6.766329e+02	9.616e-02	0.000e+00
4.010e+00	-6.765e+02	-6.766364e+02	9.840e-02	0.000e+00
4.014e+00	-6.765e+02	-6.766511e+02	1.078e-01	0.000e+00
4.018e+00	-6.765e+02	-6.766732e+02	1.219e-01	0.000e+00
4.022e+00	-6.765e+02	-6.766977e+02	1.376e-01	0.000e+00
4.026e+00	-6.765e+02	-6.767192e+02	1.513e-01	0.000e+00
4.030e+00	-6.765e+02	-6.767332e+02	1.603e-01	0.000e+00
4.034e+00	-6.765e+02	-6.767369e+02	1.627e-01	0.000e+00
4.038e+00	-6.765e+02	-6.767297e+02	1.581e-01	0.000e+00
4.042e+00	-6.765e+02	-6.767130e+02	1.474e-01	0.000e+00
4.046e+00	-6.765e+02	-6.766905e+02	1.330e-01	0.000e+00
4.050e+00	-6.765e+02	-6.766667e+02	1.177e-01	0.000e+00
4.054e+00	-6.765e+02	-6.766465e+02	1.049e-01	0.000e+00
4.058e+00	-6.765e+02	-6.766343e+02	9.704e-02	0.000e+00
4.062e+00	-6.765e+02	-6.766327e+02	9.602e-02	0.000e+00
4.066e+00	-6.765e+02	-6.766423e+02	1.022e-01	0.000e+00
4.070e+00	-6.765e+02	-6.766613e+02	1.143e-01	0.000e+00
4.074e+00	-6.765e+02	-6.766861e+02	1.302e-01	0.000e+00
4.078e+00	-6.765e+02	-6.767119e+02	1.467e-01	0.000e+00
4.082e+00	-6.765e+02	-6.767336e+02	1.606e-01	0.000e+00
4.086e+00	-6.765e+02	-6.767474e+02	1.694e-01	0.000e+00
4.090e+00	-6.765e+02	-6.767509e+02	1.717e-01	0.000e+00
4.094e+00	-6.765e+02	-6.767442e+02	1.674e-01	0.000e+00
4.098e+00	-6.765e+02	-6.767293e+02	1.579e-01	0.000e+00
4.102e+00	-6.765e+02	-6.767098e+02	1.454e-01	0.000e+00
4.106e+00	-6.765e+02	-6.766897e+02	1.325e-01	0.000e+00
4.110e+00	-6.765e+02	-6.766730e+02	1.218e-01	0.000e+00
4.114e+00	-6.765e+02	-6.766624e+02	1.151e-01	0.000e+00
4.118e+00	-6.765e+02	-6.766593e+02	1.130e-01	0.000e+00
4.122e+00	-6.765e+02	-6.766635e+02	1.157e-01	0.000e+00
4.126e+00	-6.765e+02	-6.766734e+02	1.221e-01	0.000e+00
4.130e+00	-6.765e+02	-6.766868e+02	1.306e-01	0.000e+00
4.134e+00	-6.765e+02	-6.767008e+02	1.396e-01	0.000e+00
4.138e+00	-6.765e+02	-6.767126e+02	1.471e-01	0.000e+00
4.142e+00	-6.765e+02	-6.767201e+02	1.519e-01	0.000e+00
4.146e+00	-6.765e+02	-6.767218e+02	1.530e-01	0.000e+00
4.150e+00	-6.765e+02	-6.767175e+02	1.503e-01	0.000e+00
4.154e+00	-6.765e+02	-6.767081e+02	1.443e-01	0.000e+00
4.158e+00	-6.765e+02	-6.766954e+02	1.361e-01	0.000e+00
4.162e+00	-6.765e+02	-6.766818e+02	1.274e-01	0.000e+00
4.166e+00	-6.765e+02	-6.766701e+02	1.199e-01	0.000e+00
4.170e+00	-6.765e+02	-6.766625e+02	1.151e-01	0.000e+00
4.174e+00	-6.765e+02	-6.766604e+02	1.137e-01	0.000e+00
4.178e+00	-6.765e+02	-6.766638e+02	1.159e-01	0.000e+00
4.182e+00	-6.765e+02	-6.766716e+02	1.209e-01	0.000e+00
4.186e+00	-6.765e+02	-6.766816e+02	1.273e-01	0.000e+00
4.190e+00	-6.765e+02	-6.766909e+02	1.332e-01	0.000e+00
4.194e+00	-6.765e+02	-6.766972e+02	1.372e-01	0.000e+00
4.198e+00	-6.765e+02	-6.766989e+02	1.383e-01	0.000e+00
4.202e+00	-6.765e+02	-6.766959e+02	1.364e-01	0.000e+00
4.206e+00	-6.765e+02	-6.766893e+02	1.322e-01	0.000e+00
4.210e+00	-6.765e+02	-6.766815e+02	1.273e-01	0.000e+00
4.214e+00	-6.765e+02	-6.766751e+02	1.232e-01	0.000e+00
4.218e+00	-6.765e+02	-6.766725e+02	1.215e-01	0.000e+00
4.222e+00	-6.765e+02	-6.766752e+02	1.232e-01	0.000e+00
4.226e+00	-6.765e+02	-6.766833e+02	1.284e-01	0.000e+00
4.230e+00	-6.765e+02	-6.766957e+02	1.364e-01	0.000e+00
4.234e+00	-6.765e+02	-6.767102e+02	1.457e-01	0.000e+00
4.238e+00	-6.765e+02	-6.767239e+02	1.544e-01	0.000e+00
4.242e+00	-6.765e+02	-6.767341e+02	1.609e-01	0.000e+00
4.246e+00	-6.765e+02	-6.767384e+02	1.637e-01	0.000e+00
4.250e+00	-6.765e+02	-6.767356e+02	1.619e-01	0.000e+00
4.254e+00	-6.765e+02	-6.767259e+02	1.557e-01	0.000e+00
4.258e+00	-6.765e+02	-6.767107e+02	1.459e-01	0.000e+00
4.262e+00	-6.765e+02	-6.766924e+02	1.342e-01	0.000e+00
4.266e+00	-6.765e+02	-6.766741e+02	1.225e-01	0.000e+00
4.270e+00	-6.765e+02	-6.766590e+02	1.128e-01	0.000e+00
4.274e+00	-6.765e+02	-6.766495e+02	1.068e-01	0.000e+00
4.278e+00	-6.765e+02	-6.766471e+02	1.052e-01	0.000e+00
4.282e+00	-6.765e+02	-6.766518e+02	1.082e-01	0.000e+00
4.286e+00	-6.765e+02	-6.766620e+02	1.147e-01	0.000e+00
4.290e+00	-6.765e+02	-6.766753e+02	1.232e-01	0.000e+00
4.294e+00	-6.765e+02	-6.766883e+02	1.315e-01	0.000e+00
4.298e+00	-6.765e+02	-6.766979e+02	1.377e-01	0.000e+00
4.302e+00	-6.765e+02	-6.767020e+02	1.403e-01	0.000e+00
4.306e+00	-6.765e+02	-6.766996e+02	1.388e-01	0.000e+00
4.310e+00	-6.765e+02	-6.766915e+02	1.336e-01	0.000e+00
4.314e+00	-6.765e+02	-6.766800e+02	1.263e-01	0.000e+00
4.318e+00	-6.765e+02	-6.766685e+02	1.189e-01	0.000e+00
4.322e+00	-6.765e+02	-6.766606e+02	1.139e-01	0.000e+00
4.326e+00	-6.765e+02	-6.766591e+02	1.130e-01	0.000e+00
4.330e+00	-6.765e+02	-6.766659e+02	1.173e-01	0.000e+00
4.334e+00	-6.765e+02	-6.766806e+02	1.267e-01	0.000e+00
4.338e+00	-6.765e+02	-6.767014e+02	1.400e-01	0.000e+00
4.342e+00	-6.765e+02	-6.767248e+02	1.550e-01	0.000e+00
4.346e+00	-6.765e+02	-6.767465e+02	1.689e-01	0.000e+00
4.350e+00	-6.765e+02	-6.767622e+02	1.789e-01	0.000e+00
4.354e+00	-6.765e+02	-6.767686e+02	1.830e-01	0.000e+00
4.358e+00	-6.765e+02	-6.767638e+02	1.799e-01	0.000e+00
4.362e+00	-6.765e+02	-6.767481e+02	1.699e-01	0.000e+00
4.366e+00	-6.765e+02	-6.767239e+02	1.544e-01	0.000e+00
4.370e+00	-6.765e+02	-6.766949e+02	1.359e-01	0.000e+00
4.374e+00	-6.765e+02	-6.766662e+02	1.175e-01	0.000e+00
4.378e+00	-6.765e+02	-6.766426e+02	1.023e-01	0.000e+00
4.382e+00	-6.765e+02	-6.766280e+02	9.303e-02	0.000e+00
4.386e+00	-6.765e+02	-6.766250e+02	9.107e-02	0.000e+00
4.390e+00	-6.765e+02	-6.766335e+02	9.653e-02	0.000e+00
4.394e+00	-6.765e+02	-6.766516e+02	1.081e-01	0.000e+00
4.398e+00	-6.765e+02	-6.766751e+02	1.231e-01	0.000e+00
4.402e+00	-6.765e+02	-6.766989e+02	1.384e-01	0.000e+00
4.406e+00	-6.765e+02	-6.767181e+02	1.506e-01	0.000e+00
4.410e+00	-6.765e+02	-6.767284e+02	1.572e-01	0.000e+00
4.414e+00	-6.765e+02	-6.767278e+02	1.568e-01	0.000e+00
4.418e+00	-6.765e+02	-6.767167e+02	1.497e-01	0.000e+00
4.422e+00	-6.765e+02	-6.766980e+02	1.378e-01	0.000e+00
4.426e+00	-6.765e+02	-6.766765e+02	1.240e-01	0.000e+00
4.430e+00	-6.765e+02	-6.766577e+02	1.120e-01	0.000e+00
4.434e+00	-6.765e+02	-6.766467e+02	1.050e-01	0.000e+00
4.438e+00	-6.765e+02	-6.766468e+02	1.051e-01	0.000e+00
4.442e+00	-6.765e+02	-6.766591e+02	1.129e-01	0.000e+00
4.446e+00	-6.765e+02	-6.766815e+02	1.273e-01	0.000e+00
4.450e+00	-6.765e+02	-6.767098e+02	1.454e-01	0.000e+00
4.454e+00	-6.765e+02	-6.767382e+02	1.635e-01	0.000e+00
4.458e+00	-6.765e+02	-6.767606e+02	1.779e-01	0.000e+00
4.462e+00	-6.765e+02	-6.767723e+02	1.853e-01	0.000e+00
4.466e+00	-6.765e+02	-6.767702e+02	1.840e-01	0.000e+00
4.470e+00	-6.765e+02	-6.767542e+02	1.738e-01	0.000e+00
4.474e+00	-6.765e+02	-6.767269e+02	1.563e-01	0.000e+00
4.478e+00	-6.765e+02	-6.766928e+02	1.345e-01	0.000e+00
4.482e+00	-6.765e+02	-6.766580e+02	1.122e-01	0.000e+00
4.486e+00	-6.765e+02	-6.766284e+02	9.328e-02	0.000e+00
4.490e+00	-6.765e+02	-6.766090e+02	8.085e-02	0.000e+00
4.494e+00	-6.765e+02	-6.766028e+02	7.688e-02	0.000e+00
4.498e+00	-6.765e+02	-6.766104e+02	8.171e-02	0.000e+00
4.502e+00	-6.765e+02	-6.766297e+02	9.409e-02	0.000e+00
4.506e+00	-6.765e+02	-6.766569e+02	1.115e-01	0.000e+00
4.510e+00	-6.765e+02	-6.766866e+02	1.305e-01	0.000e+00
4.514e+00	-6.765e+02	-6.767134e+02	1.476e-01	0.000e+00
4.518e+00	-6.765e+02	-6.767326e+02	1.599e-01	0.000e+00
4.522e+00	-6.765e+02	-6.767413e+02	1.655e-01	0.000e+00
4.526e+00	-6.765e+02	-6.767387e+02	1.638e-01	0.000e+00
4.530e+00	-6.765e+02	-6.767263e+02	1.559e-01	0.000e+00
4.534e+00	-6.765e+02	-6.767074e+02	1.439e-01	0.000e+00
4.538e+00	-6.765e+02	-6.766868e+02	1.306e-01	0.000e+00
4.542e+00	-6.765e+02	-6.766689e+02	1.192e-01	0.000e+00
4.546e+00	-6.765e+02	-6.766579e+02	1.122e-01	0.000e+00
4.550e+00	-6.765e+02	-6.766560e+02	1.109e-01	0.000e+00
4.554e+00	-6.765e+02	-6.766636e+02	1.158e-01	0.000e+00
4.558e+00	-6.765e+02	-6.766789e+02	1.256e-01	0.000e+00
4.562e+00	-6.765e+02	-6.766987e+02	1.383e-01	0.000e+00
4.566e+00	-6.765e+02	-6.767187e+02	1.511e-01	0.000e+00
4.570e+00	-6.765e+02	-6.767347e+02	1.613e-01	0.000e+00
4.574e+00	-6.765e+02	-6.767431e+02	1.667e-01	0.000e+00
4.578e+00	-6.765e+02	-6.767422e+02	1.661e-01	0.000e+00
4.582e+00	-6.765e+02	-6.767320e+02	1.596e-01	0.000e+00
4.586e+00	-6.765e+02	-6.767144e+02	1.483e-01	0.000e+00
4.590e+00	-6.765e+02	-6.766926e+02	1.344e-01	0.000e+00
4.594e+00	-6.765e+02	-6.766708e+02	1.204e-01	0.000e+00
4.598e+00	-6.765e+02	-6.766527e+02	1.088e-01	0.000e+00
4.602e+00	-6.765e+02	-6.766414e+02	1.016e-01	0.000e+00
4.606e+00	-6.765e+02	-6.766385e+02	9.972e-02	0.000e+00
4.610e+00	-6.765e+02	-6.766439e+02	1.032e-01	0.000e+00
4.614e+00	-6.765e+02	-6.766561e+02	1.110e-01	0.000e+00
4.618e+00	-6.765e+02	-6.766724e+02	1.214e-01	0.000e+00
4.622e+00	-6.765e+02	-6.766900e+02	1.327e-01	0.000e+00
4.626e+00	-6.765e+02	-6.767060e+02	1.429e-01	0.000e+00
4.630e+00	-6.765e+02	-6.767184e+02	1.509e-01	0.000e+00
4.634e+00	-6.765e+02	-6.767260e+02	1.557e-01	0.000e+00
4.638e+00	-6.765e+02	-6.767285e+02	1.574e-01	0.000e+00
4.642e+00	-6.765e+02	-6.767264e+02	1.560e-01	0.000e+00
4.646e+00	-6.765e+02	-6.767207e+02	1.523e-01	0.000e+00
4.650e+00	-6.765e+02	-6.767124e+02	1.471e-01	0.000e+00
4.654e+00	-6.765e+02	-6.767031e+02	1.411e-01	0.000e+00
4.658e+00	-6.765e+02	-6.766940e+02	1.352e-01	0.000e+00
4.662e+00	-6.765e+02	-6.766862e+02	1.303e-01	0.000e+00
4.666e+00	-6.765e+02	-6.766810e+02	1.269e-01	0.000e+00
4.670e+00	-6.765e+02	-6.766788e+02	1.255e-01	0.000e+00
4.674e+00	-6.765e+02	-6.766800e+02	1.263e-01	0.000e+00
4.678e+00	-6.765e+02	-6.766841e+02	1.289e-01	0.000e+00
4.682e+00	-6.765e+02	-6.766900e+02	1.327e-01	0.000e+00
4.686e+00	-6.765e+02	-6.766963e+02	1.367e-01	0.000e+00
4.690e+00	-6.765e+02	-6.767012e+02	1.399e-01	0.000e+00
4.694e+00	-6.765e+02	-6.767034e+02	1.413e-01	0.000e+00
4.698e+00	-6.765e+02	-6.767019e+02	1.403e-01	0.000e+00
4.702e+00	-6.765e+02	-6.766969e+02	1.371e-01	0.000e+00
4.706e+00	-6.765e+02	-6.766891e+02	1.321e-01	0.000e+00
4.710e+00	-6.765e+02	-6.766802e+02	1.264e-01	0.000e+00
4.714e+00	-6.765e+02	-6.766722e+02	1.213e-01	0.000e+00
4.718e+00	-6.765e+02	-6.766666e+02	1.177e-01	0.000e+00
4.722e+00	-6.765e+02	-6.766649e+02	1.166e-01	0.000e+00
4.726e+00	-6.765e+02	-6.766674e+02	1.182e-01	0.000e+00
4.730e+00	-6.765e+02	-6.766737e+02	1.222e-01	0.000e+00
4.734e+00	-6.765e+02	-6.766825e+02	1.279e-01	0.000e+00
4.738e+00	-6.765e+02	-6.766922e+02	1.341e-01	0.000e+00
4.742e+00	-6.765e+02	-6.767012e+02	1.398e-01	0.000e+00
4.746e+00	-6.765e+02	-6.767078e+02	1.441e-01	0.000e+00
4.750e+00	-6.765e+02	-6.767112e+02	1.462e-01	0.000e+00
4.754e+00	-6.765e+02	-6.767110e+02	1.461e-01	0.000e+00
4.758e+00	-6.765e+02	-6.767075e+02	1.439e-01	0.000e+00
4.762e+00	-6.765e+02	-6.767015e+02	1.400e-01	0.000e+00
4.766e+00	-6.765e+02	-6.766941e+02	1.353e-01	0.000e+00
4.770e+00	-6.765e+02	-6.766865e+02	1.305e-01	0.000e+00
4.774e+00	-6.765e+02	-6.766797e+02	1.261e-01	0.000e+00
4.778e+00	-6.765e+02	-6.766745e+02	1.228e-01	0.000e+00
4.782e+00	-6.765e+02	-6.766714e+02	1.208e-01	0.000e+00
4.786e+00	-6.765e+02	-6.766707e+02	1.203e-01	0.000e+00
4.790e+00	-6.765e+02	-6.766723e+02	1.213e-01	0.000e+00
4.794e+00	-6.765e+02	-6.766760e+02	1.237e-01	0.000e+00
4.798e+00	-6.765e+02	-6.766815e+02	1.272e-01	0.000e+00
4.802e+00	-6.765e+02	-6.766880e+02	1.314e-01	0.000e+00
4.806e+00	-6.765e+02	-6.766949e+02	1.358e-01	0.000e+00
4.810e+00	-6.765e+02	-6.767010e+02	1.397e-01	0.000e+00
4.814e+00	-6.765e+02	-6.767053e+02	1.425e-01	0.000e+00
4.818e+00	-6.765e+02	-6.767069e+02	1.435e-01	0.000e+00
4.822e+00	-6.765e+02	-6.767053e+02	1.425e-01	0.000e+00
4.826e+00	-6.765e+02	-6.767008e+02	1.396e-01	0.000e+00
4.830e+00	-6.765e+02	-6.766942e+02	1.354e-01	0.000e+00
4.834e+00	-6.765e+02	-6.766870e+02	1.308e-01	0.000e+00
4.838e+00	-6.765e+02	-6.766810e+02	1.270e-01	0.000e+00
4.842e+00	-6.765e+02	-6.766780e+02	1.250e-01	0.000e+00
4.846e+00	-6.765e+02	-6.766791e+02	1.257e-01	0.000e+00
4.850e+00	-6.765e+02	-6.766844e+02	1.291e-01	0.000e+00
4.854e+00	-6.765e+02	-6.766929e+02	1.346e-01	0.000e+00
4.858e+00	-6.765e+02	-6.767027e+02	1.409e-01	0.000e+00
4.862e+00	-6.765e+02	-6.767116e+02	1.465e-01	0.000e+00
4.866e+00	-6.765e+02	-6.767172e+02	1.501e-01	0.000e+00
4.870e+00	-6.765e+02	-6.767182e+02	1.508e-01	0.000e+00
4.874e+00	-6.765e+02	-6.767145e+02	1.484e-01	0.000e+00
4.878e+00	-6.765e+02	-6.767071e+02	1.436e-01	0.000e+00
4.882e+00	-6.765e+02	-6.766980e+02	1.378e-01	0.000e+00
4.886e+00	-6.765e+02	-6.766894e+02	1.324e-01	0.000e+00
4.890e+00	-6.765e+02	-6.766836e+02	1.286e-01	0.000e+00
4.894e+00	-6.765e+02	-6.766816e+02	1.273e-01	0.000e+00
4.898e+00	-6.765e+02	-6.766834e+02	1.285e-01	0.000e+00
4.902e+00	-6.765e+02	-6.766879e+02	1.313e-01	0.000e+00
4.906e+00	-6.765e+02	-6.766931e+02	1.347e-01	0.000e+00
4.910e+00	-6.765e+02	-6.766971e+02	1.372e-01	0.000e+00
4.914e+00	-6.765e+02	-6.766982e+02	1.379e-01	0.000e+00
4.918e+00	-6.765e+02	-6.766958e+02	1.364e-01	0.000e+00
4.922e+00	-6.765e+02	-6.766901e+02	1.328e-01	0.000e+00
4.926e+00	-6.765e+02	-6.766828e+02	1.280e-01	0.000e+00
4.930e+00	-6.765e+02	-6.766757e+02	1.236e-01	0.000e+00
4.934e+00	-6.765e+02	-6.766713e+02	1.207e-01	0.000e+00
4.938e+00	-6.765e+02	-6.766710e+02	1.205e-01	0.000e+00
4.942e+00	-6.765e+02	-6.766757e+02	1.235e-01	0.000e+00
4.946e+00	-6.765e+02	-6.766848e+02	1.294e-01	0.000e+00
4.950e+00	-6.765e+02	-6.766966e+02	1.369e-01	0.000e+00
4.954e+00	-6.765e+02	-6.767084e+02	1.445e-01	0.000e+00
4.958e+00	-6.765e+02	-6.767175e+02	1.503e-01	0.000e+00
4.962e+00	-6.765e+02	-6.767215e+02	1.528e-01	0.000e+00
4.966e+00	-6.765e+02	-6.767189e+02	1.512e-01	0.000e+00
4.970e+00	-6.765e+02	-6.767100e+02	1.455e-01	0.000e+00
4.974e+00	-6.765e+02	-6.766963e+02	1.367e-01	0.000e+00
4.978e+00	-6.765e+02	-6.766808e+02	1.268e-01	0.000e+00
4.982e+00	-6.765e+02	-6.766667e+02	1.178e-01	0.000e+00
4.986e+00	-6.765e+02	-6.766575e+02	1.119e-01	0.000e+00
4.990e+00	-6.765e+02	-6.766554e+02	1.106e-01	0.000e+00
4.994e+00	-6.765e+02	-6.766613e+02	1.143e-01	0.000e+00
4.998e+00	-6.765e+02	-6.766740e+02	1.225e-01	0.000e+00
5.002e+00	-6.765e+02	-6.766911e+02	1.334e-01	0.000e+00
5.006e+00	-6.765e+02	-6.767086e+02	1.446e-01	0.000e+00
5.010e+00	-6.765e+02	-6.767225e+02	1.535e-01	0.000e+00
5.014e+00	-6.765e+02	-6.767291e+02	1.577e-01	0.000e+00
5.018e+00	-6.765e+02	-6.767264e+02	1.559e-01	0.000e+00
5.022e+00	-6.765e+02	-6.767142e+02	1.481e-01	0.000e+00
5.026e+00	-6.765e+02	-6.766944e+02	1.355e-01	0.000e+00
5.030e+00	-6.765e+02	-6.766709e+02	1.205e-01	0.000e+00
5.034e+00	-6.765e+02	-6.766487e+02	1.063e-01	0.000e+00
5.038e+00	-6.765e+02	-6.766328e+02	9.608e-02	0.000e+00
5.042e+00	-6.765e+02	-6.766271e+02	9.247e-02	0.000e+00
5.046e+00	-6.765e+02	-6.766338e+02	9.671e-02	0.000e+00
5.050e+00	-6.765e+02	-6.766521e+02	1.084e-01	0.000e+00
5.054e+00	-6.765e+02	-6.766791e+02	1.257e-01	0.000e+00
5.058e+00	-6.765e+02	-6.767096e+02	1.452e-01	0.000e+00
5.062e+00	-6.765e+02	-6.767377e+02	1.632e-01	0.000e+00
5.066e+00	-6.765e+02	-6.767578e+02	1.761e-01	0.000e+00
5.070e+00	-6.765e+02	-6.767660e+02	1.813e-01	0.000e+00
5.074e+00	-6.765e+02	-6.767606e+02	1.779e-01	0.000e+00
5.078e+00	-6.765e+02	-6.767430e+02	1.666e-01	0.000e+00
5.082e+00	-6.765e+02	-6.767169e+02	1.499e-01	0.000e+00
5.086e+00	-6.765e+02	-6.766877e+02	1.312e-01	0.000e+00
5.090e+00	-6.765e+02	-6.766612e+02	1.143e-01	0.000e+00
5.094e+00	-6.765e+02	-6.766424e+02	1.023e-01	0.000e+00
5.098e+00	-6.765e+02	-6.766348e+02	9.735e-02	0.000e+00
5.102e+00	-6.765e+02	-6.766390e+02	1.001e-01	0.000e+00
5.106e+00	-6.765e+02	-6.766538e+02	1.095e-01	0.000e+00
5.110e+00	-6.765e+02	-6.766754e+02	1.233e-01	0.000e+00
5.114e+00	-6.765e+02	-6.766991e+02	1.385e-01	0.000e+00
5.118e+00	-6.765e+02	-6.767197e+02	1.517e-01	0.000e+00
5.122e+00	-6.765e+02	-6.767330e+02	1.602e-01	0.000e+00
5.126e+00	-6.765e+02	-6.767362e+02	1.623e-01	0.000e+00
5.130e+00	-6.765e+02	-6.767289e+02	1.575e-01	0.000e+00
5.134e+00	-6.765e+02	-6.767126e+02	1.472e-01	0.000e+00
5.138e+00	-6.765e+02	-6.766913e+02	1.335e-01	0.000e+00
5.142e+00	-6.765e+02	-6.766697e+02	1.197e-01	0.000e+00
5.146e+00	-6.765e+02	-6.766529e+02	1.090e-01	0.000e+00
5.150e+00	-6.765e+02	-6.766450e+02	1.039e-01	0.000e+00
5.154e+00	-6.765e+02	-6.766482e+02	1.060e-01	0.000e+00
5.158e+00	-6.765e+02	-6.766624e+02	1.151e-01	0.000e+00
5.162e+00	-6.765e+02	-6.766851e+02	1.296e-01	0.000e+00
5.166e+00	-6.765e+02	-6.767120e+02	1.468e-01	0.000e+00
5.170e+00	-6.765e+02	-6.767376e+02	1.632e-01	0.000e+00
5.174e+00	-6.765e+02	-6.767568e+02	1.754e-01	0.000e+00
5.178e+00	-6.765e+02	-6.767656e+02	1.811e-01	0.000e+00
5.182e+00	-6.765e+02	-6.767620e+02	1.788e-01	0.000e+00
5.186e+00	-6.765e+02	-6.767464e+02	1.688e-01	0.000e+00
5.190e+00	-6.765e+02	-6.767215e+02	1.529e-01	0.000e+00
5.194e+00	-6.765e+02	-6.766916e+02	1.337e-01	0.000e+00
5.198e+00	-6.765e+02	-6.766617e+02	1.146e-01	0.000e+00
5.202e+00	-6.765e+02	-6.766369e+02	9.870e-02	0.000e+00
5.206e+00	-6.765e+02	-6.766209e+02	8.848e-02	0.000e+00
5.210e+00	-6.765e+02	-6.766161e+02	8.535e-02	0.000e+00
5.214e+00	-6.765e+02	-6.766225e+02	8.944e-02	0.000e+00
5.218e+00	-6.765e+02	-6.766383e+02	9.958e-02	0.000e+00
5.222e+00	-6.765e+02	-6.766602e+02	1.136e-01	0.000e+00
5.226e+00	-6.765e+02	-6.766839e+02	1.287e-01	0.000e+00
5.230e+00	-6.765e+02	-6.767048e+02	1.421e-01	0.000e+00
5.234e+00	-6.765e+02	-6.767191e+02	1.513e-01	0.000e+00
5.238e+00	-6.765e+02	-6.767245e+02	1.547e-01	0.000e+00
5.242e+00	-6.765e+02	-6.767204e+02	1.521e-01	0.000e+00
5.246e+00	-6.765e+02	-6.767085e+02	1.445e-01	0.000e+00
5.250e+00	-6.765e+02	-6.766919e+02	1.339e-01	0.000e+00
5.254e+00	-6.765e+02	-6.766751e+02	1.232e-01	0.000e+00
5.258e+00	-6.765e+02	-6.766626e+02	1.152e-01	0.000e+00
5.262e+00	-6.765e+02	-6.766581e+02	1.123e-01	0.000e+00
5.266e+00	-6.765e+02	-6.766635e+02	1.158e-01	0.000e+00
5.270e+00	-6.765e+02	-6.766787e+02	1.255e-01	0.000e+00
5.274e+00	-6.765e+02	-6.767009e+02	1.397e-01	0.000e+00
5.278e+00	-6.765e+02	-6.767261e+02	1.558e-01	0.000e+00
5.282e+00	-6.765e+02	-6.767488e+02	1.704e-01	0.000e+00
5.286e+00	-6.765e+02	-6.767643e+02	1.803e-01	0.000e+00
5.290e+00	-6.765e+02	-6.767688e+02	1.831e-01	0.000e+00
5.294e+00	-6.765e+02	-6.767607e+02	1.780e-01	0.000e+00
5.298e+00	-6.765e+02	-6.767410e+02	1.653e-01	0.000e+00
5.302e+00	-6.765e+02	-6.767127e+02	1.472e-01	0.000e+00
5.306e+00	-6.765e+02	-6.766806e+02	1.267e-01	0.000e+00
5.310e+00	-6.765e+02	-6.766501e+02	1.071e-01	0.000e+00
5.314e+00	-6.765e+02	-6.766261e+02	9.175e-02	0.000e+00
5.318e+00	-6.765e+02	-6.766120e+02	8.276e-02	0.000e+00
5.322e+00	-6.765e+02	-6.766095e+02	8.116e-02	0.000e+00
5.326e+00	-6.765e+02	-6.766180e+02	8.654e-02	0.000e+00
5.330e+00	-6.765e+02	-6.766348e+02	9.728e-02	0.000e+00
5.334e+00	-6.765e+02	-6.766562e+02	1.110e-01	0.000e+00
5.338e+00	-6.765e+02	-6.766781e+02	1.250e-01	0.000e+00
5.342e+00	-6.765e+02	-6.766969e+02	1.371e-01	0.000e+00
5.346e+00	-6.765e+02	-6.767099e+02	1.454e-01	0.000e+00
5.350e+00	-6.765e+02	-6.767163e+02	1.495e-01	0.000e+00
5.354e+00	-6.765e+02	-6.767165e+02	1.497e-01	0.000e+00
5.358e+00	-6.765e+02	-6.767124e+02	1.471e-01	0.000e+00
5.362e+00	-6.765e+02	-6.767065e+02	1.433e-01	0.000e+00
5.366e+00	-6.765e+02	-6.767012e+02	1.399e-01	0.000e+00
5.370e+00	-6.765e+02	-6.766987e+02	1.383e-01	0.000e+00
5.374e+00	-6.765e+02	-6.766999e+02	1.391e-01	0.000e+00
5.378e+00	-6.765e+02	-6.767046e+02	1.421e-01	0.000e+00
5.382e+00	-6.765e+02	-6.767118e+02	1.467e-01	0.000e+00
5.386e+00	-6.765e+02	-6.767197e+02	1.518e-01	0.000e+00
5.390e+00	-6.765e+02	-6.767263e+02	1.560e-01	0.000e+00
5.394e+00	-6.765e+02	-6.767298e+02	1.582e-01	0.000e+00
5.398e+00	-6.765e+02	-6.767291e+02	1.578e-01	0.000e+00
5.402e+00	-6.765e+02	-6.767239e+02	1.544e-01	0.000e+00
5.406e+00	-6.765e+02	-6.767148e+02	1.486e-01	0.000e+00
5.410e+00	-6.765e+02	-6.767030e+02	1.411e-01	0.000e+00
5.414e+00	-6.765e+02	-6.766903e+02	1.329e-01	0.000e+00
5.418e+00	-6.765e+02	-6.766785e+02	1.253e-01	0.000e+00
5.422e+00	-6.765e+02	-6.766690e+02	1.192e-01	0.000e+00
5.426e+00	-6.765e+02	-6.766627e+02	1.152e-01	0.000e+00
5.430e+00	-6.765e+02	-6.766598e+02	1.134e-01	0.000e+00
5.434e+00	-6.765e+02	-6.766601e+02	1.135e-01	0.000e+00
5.438e+00	-6.765e+02	-6.766626e+02	1.151e-01	0.000e+00
5.442e+00	-6.765e+02	-6.766662e+02	1.174e-01	0.000e+00
5.446e+00	-6.765e+02	-6.766700e+02	1.198e-01	0.000e+00
5.450e+00	-6.765e+02	-6.766734e+02	1.220e-01	0.000e+00
5.454e+00	-6.765e+02	-6.766764e+02	1.239e-01	0.000e+00
5.458e+00	-6.765e+02	-6.766791e+02	1.257e-01	0.000e+00
5.462e+00	-6.765e+02	-6.766823e+02	1.278e-01	0.000e+00
5.466e+00	-6.765e+02	-6.766866e+02	1.305e-01	0.000e+00
5.470e+00	-6.765e+02	-6.766923e+02	1.342e-01	0.000e+00
5.474e+00	-6.765e+02	-6.766992e+02	1.386e-01	0.000e+00
5.478e+00	-6.765e+02	-6.767067e+02	1.434e-01	0.000e+00
5.482e+00	-6.765e+02	-6.767138e+02	1.480e-01	0.000e+00
5.486e+00	-6.765e+02	-6.767191e+02	1.513e-01	0.000e+00
5.490e+00	-6.765e+02	-6.767214e+02	1.528e-01	0.000e+00
5.494e+00	-6.765e+02	-6.767199e+02	1.518e-01	0.000e+00
5.498e+00	-6.765e+02	-6.767144e+02	1.483e-01	0.000e+00
5.502e+00	-6.765e+02	-6.767055e+02	1.426e-01	0.000e+00
5.506e+00	-6.765e+02	-6.766943e+02	1.354e-01	0.000e+00
5.510e+00	-6.765e+02	-6.766825e+02	1.279e-01	0.000e+00
5.514e+00	-6.765e+02	-6.766720e+02	1.212e-01	0.000e+00
5.518e+00	-6.765e+02	-6.766646e+02	1.165e-01	0.000e+00
5.522e+00	-6.765e+02	-6.766616e+02	1.145e-01	0.000e+00
5.526e+00	-6.765e+02	-6.766636e+02	1.158e-01	0.000e+00
5.530e+00	-6.765e+02	-6.766701e+02	1.200e-01	0.000e+00
5.534e+00	-6.765e+02	-6.766802e+02	1.264e-01	0.000e+00
5.538e+00	-6.765e+02	-6.766920e+02	1.340e-01	0.000e+00
5.542e+00	-6.765e+02	-6.767033e+02	1.412e-01	0.000e+00
5.546e+00	-6.765e+02	-6.767123e+02	1.470e-01	0.000e+00
5.550e+00	-6.765e+02	-6.767173e+02	1.502e-01	0.000e+00
5.554e+00	-6.765e+02	-6.767179e+02	1.506e-01	0.000e+00
5.558e+00	-6.765e+02	-6.767143e+02	1.482e-01	0.000e+00
5.562e+00	-6.765e+02	-6.767076e+02	1.440e-01	0.000e+00
5.566e+00	-6.765e+02	-6.766995e+02	1.388e-01	0.000e+00
5.570e+00	-6.765e+02	-6.766915e+02	1.337e-01	0.000e+00
5.574e+00	-6.765e+02	-6.766850e+02	1.295e-01	0.000e+00
5.578e+00	-6.765e+02	-6.766805e+02	1.266e-01	0.000e+00
5.582e+00	-6.765e+02	-6.766779e+02	1.249e-01	0.000e+00
5.586e+00	-6.765e+02	-6.766767e+02	1.241e-01	0.000e+00
5.590e+00	-6.765e+02	-6.766761e+02	1.237e-01	0.000e+00
5.594e+00	-6.765e+02	-6.766755e+02	1.234e-01	0.000e+00
5.598e+00	-6.765e+02	-6.766750e+02	1.231e-01	0.000e+00
5.602e+00	-6.765e+02	-6.766747e+02	1.229e-01	0.000e+00
5.606e+00	-6.765e+02	-6.766751e+02	1.231e-01	0.000e+00
5.610e+00	-6.765e+02	-6.766767e+02	1.242e-01	0.000e+00
5.614e+00	-6.765e+02	-6.766797e+02	1.261e-01	0.000e+00
5.618e+00	-6.765e+02	-6.766837e+02	1.286e-01	0.000e+00
5.622e+00	-6.765e+02	-6.766881e+02	1.315e-01	0.000e+00
5.626e+00	-6.765e+02	-6.766923e+02	1.342e-01	0.000e+00
5.630e+00	-6.765e+02	-6.766956e+02	1.363e-01	0.000e+00
5.634e+00	-6.765e+02	-6.766976e+02	1.376e-01	0.000e+00
5.638e+00	-6.765e+02	-6.766987e+02	1.382e-01	0.000e+00
5.642e+00	-6.765e+02	-6.766992e+02	1.386e-01	0.000e+00
5.646e+00	-6.765e+02	-6.767000e+02	1.391e-01	0.000e+00
5.650e+00	-6.765e+02	-6.767018e+02	1.403e-01	0.000e+00
5.654e+00	-6.765e+02	-6.767052e+02	1.425e-01	0.000e+00
5.658e+00	-6.765e+02	-6.767102e+02	1.457e-01	0.000e+00
5.662e+00	-6.765e+02	-6.767163e+02	1.496e-01	0.000e+00
5.666e+00	-6.765e+02	-6.767225e+02	1.535e-01	0.000e+00
5.670e+00	-6.765e+02	-6.767273e+02	1.566e-01	0.000e+00
5.674e+00	-6.765e+02	-6.767290e+02	1.577e-01	0.000e+00
5.678e+00	-6.765e+02	-6.767263e+02	1.559e-01	0.000e+00
5.682e+00	-6.765e+02	-6.767183e+02	1.508e-01	0.000e+00
5.686e+00	-6.765e+02	-6.767051e+02	1.423e-01	0.000e+00
5.690e+00	-6.765e+02	-6.766879e+02	1.313e-01	0.000e+00
5.694e+00	-6.765e+02	-6.766689e+02	1.192e-01	0.000e+00
5.698e+00	-6.765e+02	-6.766512e+02	1.078e-01	0.000e+00
5.702e+00	-6.765e+02	-6.766379e+02	9.933e-02	0.000e+00
5.706e+00	-6.765e+02	-6.766318e+02	9.545e-02	0.000e+00
5.710e+00	-6.765e+02	-6.766345e+02	9.718e-02	0.000e+00
5.714e+00	-6.765e+02	-6.766459e+02	1.044e-01	0.000e+00
5.718e+00	-6.765e+02	-6.766639e+02	1.160e-01	0.000e+00
5.722e+00	-6.765e+02	-6.766853e+02	1.297e-01	0.000e+00
5.726e+00	-6.765e+02	-6.767059e+02	1.428e-01	0.000e+00
5.730e+00	-6.765e+02	-6.767216e+02	1.529e-01	0.000e+00
5.734e+00	-6.765e+02	-6.767297e+02	1.581e-01	0.000e+00
5.738e+00	-6.765e+02	-6.767289e+02	1.576e-01	0.000e+00
5.742e+00	-6.765e+02	-6.767202e+02	1.520e-01	0.000e+00
5.746e+00	-6.765e+02	-6.767064e+02	1.432e-01	0.000e+00
5.750e+00	-6.765e+02	-6.766914e+02	1.336e-01	0.000e+00
5.754e+00	-6.765e+02	-6.766794e+02	1.259e-01	0.000e+00
5.758e+00	-6.765e+02	-6.766737e+02	1.223e-01	0.000e+00
5.762e+00	-6.765e+02	-6.766762e+02	1.239e-01	0.000e+00
5.766e+00	-6.765e+02	-6.766868e+02	1.307e-01	0.000e+00
5.770e+00	-6.765e+02	-6.767030e+02	1.411e-01	0.000e+00
5.774e+00	-6.765e+02	-6.767211e+02	1.526e-01	0.000e+00
5.778e+00	-6.765e+02	-6.767362e+02	1.622e-01	0.000e+00
5.782e+00	-6.765e+02	-6.767438e+02	1.671e-01	0.000e+00
5.786e+00	-6.765e+02	-6.767407e+02	1.651e-01	0.000e+00
5.790e+00	-6.765e+02	-6.767259e+02	1.556e-01	0.000e+00
5.794e+00	-6.765e+02	-6.767006e+02	1.394e-01	0.000e+00
5.798e+00	-6.765e+02	-6.766688e+02	1.191e-01	0.000e+00
5.802e+00	-6.765e+02	-6.766361e+02	9.815e-02	0.000e+00
5.806e+00	-6.765e+02	-6.766089e+02	8.076e-02	0.000e+00
5.810e+00	-6.765e+02	-6.765930e+02	7.059e-02	0.000e+00
5.814e+00	-6.765e+02	-6.765923e+02	7.013e-02	0.000e+00
5.818e+00	-6.765e+02	-6.766078e+02	8.009e-02	0.000e+00
5.822e+00	-6.765e+02	-6.766377e+02	9.921e-02	0.000e+00
5.826e+00	-6.765e+02	-6.766770e+02	1.244e-01	0.000e+00
5.830e+00	-6.765e+02	-6.767192e+02	1.514e-01	0.000e+00
5.834e+00	-6.765e+02	-6.767567e+02	1.754e-01	0.000e+00
5.838e+00	-6.765e+02	-6.767831e+02	1.923e-01	0.000e+00
5.842e+00	-6.765e+02	-6.767940e+02	1.993e-01	0.000e+00
5.846e+00	-6.765e+02	-6.767881e+02	1.955e-01	0.000e+00
5.850e+00	-6.765e+02	-6.767669e+02	1.819e-01	0.000e+00
5.854e+00	-6.765e+02	-6.767352e+02	1.617e-01	0.000e+00
5.858e+00	-6.765e+02	-6.766994e+02	1.388e-01	0.000e+00
5.862e+00	-6.765e+02	-6.766665e+02	1.177e-01	0.000e+00
5.866e+00	-6.765e+02	-6.766426e+02	1.024e-01	0.000e+00
5.870e+00	-6.765e+02	-6.766319e+02	9.553e-02	0.000e+00
5.874e+00	-6.765e+02	-6.766353e+02	9.773e-02	0.000e+00
5.878e+00	-6.765e+02	-6.766510e+02	1.078e-01	0.000e+00
5.882e+00	-6.765e+02	-6.766744e+02	1.227e-01	0.000e+00
5.886e+00	-6.765e+02	-6.766990e+02	1.384e-01	0.000e+00
5.890e+00	-6.765e+02	-6.767185e+02	1.508e-01	0.000e+00
5.894e+00	-6.765e+02	-6.767273e+02	1.565e-01	0.000e+00
5.898e+00	-6.765e+02	-6.767227e+02	1.535e-01	0.000e+00
5.902e+00	-6.765e+02	-6.767046e+02	1.420e-01	0.000e+00
5.906e+00	-6.765e+02	-6.766765e+02	1.240e-01	0.000e+00
5.910e+00	-6.765e+02	-6.766441e+02	1.033e-01	0.000e+00
5.914e+00	-6.765e+02	-6.766147e+02	8.444e-02	0.000e+00
5.918e+00	-6.765e+02	-6.765952e+02	7.198e-02	0.000e+00
5.922e+00	-6.765e+02	-6.765909e+02	6.927e-02	0.000e+00
5.926e+00	-6.765e+02	-6.766043e+02	7.786e-02	0.000e+00
5.930e+00	-6.765e+02	-6.766344e+02	9.712e-02	0.000e+00
5.934e+00	-6.765e+02	-6.766768e+02	1.243e-01	0.000e+00
5.938e+00	-6.765e+02	-6.767249e+02	1.551e-01	0.000e+00
5.942e+00	-6.765e+02	-6.767708e+02	1.844e-01	0.000e+00
5.946e+00	-6.765e+02	-6.768068e+02	2.075e-01	0.000e+00
5.950e+00	-6.765e+02	-6.768275e+02	2.208e-01	0.000e+00
5.954e+00	-6.765e+02	-6.768300e+02	2.223e-01	0.000e+00
5.958e+00	-6.765e+02	-6.768147e+02	2.126e-01	0.000e+00
5.962e+00	-6.765e+02	-6.767852e+02	1.937e-01	0.000e+00
5.966e+00	-6.765e+02	-6.767472e+02	1.694e-01	0.000e+00
5.970e+00	-6.765e+02	-6.767077e+02	1.441e-01	0.000e+00
5.974e+00	-6.765e+02	-6.766728e+02	1.218e-01	0.000e+00
5.978e+00	-6.765e+02	-6.766475e+02	1.056e-01	0.000e+00
5.982e+00	-6.765e+02	-6.766341e+02	9.693e-02	0.000e+00
5.986e+00	-6.765e+02	-6.766321e+02	9.563e-02	0.000e+00
5.990e+00	-6.765e+02	-6.766388e+02	9.986e-02	0.000e+00
5.994e+00	-6.765e+02	-6.766498e+02	1.069e-01	0.000e+00
5.998e+00	-6.765e+02	-6.766603e+02	1.136e-01	0.000e+00
6.002e+00	-6.765e+02	-6.766666e+02	1.176e-01	0.000e+00
6.006e+00	-6.765e+02	-6.766665e+02	1.175e-01	0.000e+00
6.010e+00	-6.765e+02	-6.766600e+02	1.134e-01	0.000e+00
6.014e+00	-6.765e+02	-6.766495e+02	1.067e-01	0.000e+00
6.018e+00	-6.765e+02	-6.766386e+02	9.975e-02	0.000e+00
6.022e+00	-6.765e+02	-6.766315e+02	9.523e-02	0.000e+00
6.026e+00	-6.765e+02	-6.766318e+02	9.543e-02	0.000e+00
6.030e+00	-6.765e+02	-6.766415e+02	1.017e-01	0.000e+00
6.034e+00	-6.765e+02	-6.766607e+02	1.139e-01	0.000e+00
6.038e+00	-6.765e+02	-6.766872e+02	1.309e-01	0.000e+00
6.042e+00	-6.765e+02	-6.767172e+02	1.502e-01	0.000e+00
6.046e+00	-6.765e+02	-6.767463e+02	1.687e-01	0.000e+00
6.050e+00	-6.765e+02	-6.767697e+02	1.837e-01	0.000e+00
6.054e+00	-6.765e+02	-6.767837e+02	1.927e-01	0.000e+00
6.058e+00	-6.765e+02	-6.767864e+02	1.945e-01	0.000e+00
6.062e+00	-6.765e+02	-6.767777e+02	1.889e-01	0.000e+00
6.066e+00	-6.765e+02	-6.767595e+02	1.772e-01	0.000e+00
6.070e+00	-6.765e+02	-6.767350e+02	1.615e-01	0.000e+00
6.074e+00	-6.765e+02	-6.767085e+02	1.446e-01	0.000e+00
6.078e+00	-6.765e+02	-6.766840e+02	1.289e-01	0.000e+00
6.082e+00	-6.765e+02	-6.766651e+02	1.168e-01	0.000e+00
6.086e+00	-6.765e+02	-6.766535e+02	1.094e-01	0.000e+00
6.090e+00	-6.765e+02	-6.766497e+02	1.069e-01	0.000e+00
6.094e+00	-6.765e+02	-6.766523e+02	1.085e-01	0.000e+00
6.098e+00	-6.765e+02	-6.766590e+02	1.128e-01	0.000e+00
6.102e+00	-6.765e+02	-6.766668e+02	1.178e-01	0.000e+00
6.106e+00	-6.765e+02	-6.766730e+02	1.217e-01	0.000e+00
6.110e+00	-6.765e+02	-6.766755e+02	1.233e-01	0.000e+00
6.114e+00	-6.765e+02	-6.766735e+02	1.221e-01	0.000e+00
6.118e+00	-6.765e+02	-6.766678e+02	1.184e-01	0.000e+00
6.122e+00	-6.765e+02	-6.766602e+02	1.136e-01	0.000e+00
6.126e+00	-6.765e+02	-6.766534e+02	1.093e-01	0.000e+00
6.130e+00	-6.765e+02	-6.766502e+02	1.072e-01	0.000e+00
6.134e+00	-6.765e+02	-6.766527e+02	1.088e-01	0.000e+00
6.138e+00	-6.765e+02	-6.766620e+02	1.147e-01	0.000e+00
6.142e+00	-6.765e+02	-6.766774e+02	1.246e-01	0.000e+00
6.146e+00	-6.765e+02	-6.766969e+02	1.371e-01	0.000e+00
6.150e+00	-6.765e+02	-6.767172e+02	1.501e-01	0.000e+00
6.154e+00	-6.765e+02	-6.767347e+02	1.613e-01	0.000e+00
6.158e+00	-6.765e+02	-6.767459e+02	1.685e-01	0.000e+00
6.162e+00	-6.765e+02	-6.767487e+02	1.703e-01	0.000e+00
6.166e+00	-6.765e+02	-6.767426e+02	1.664e-01	0.000e+00
6.170e+00	-6.765e+02	-6.767289e+02	1.576e-01	0.000e+00
6.174e+00	-6.765e+02	-6.767105e+02	1.458e-01	0.000e+00
6.178e+00	-6.765e+02	-6.766913e+02	1.335e-01	0.000e+00
6.182e+00	-6.765e+02	-6.766750e+02	1.231e-01	0.000e+00
6.186e+00	-6.765e+02	-6.766648e+02	1.166e-01	0.000e+00
6.190e+00	-6.765e+02	-6.766622e+02	1.149e-01	0.000e+00
6.194e+00	-6.765e+02	-6.766670e+02	1.180e-01	0.000e+00
6.198e+00	-6.765e+02	-6.766776e+02	1.248e-01	0.000e+00
